Namespace(batch_size=64, beta_moco=0.1, gamma_moco=0.1, gamma_modo=0.1, lr=0.1, moo_method='EW', num_epochs=1000, rho_moco=0.1, rho_modo=0.1, seed=4)

==================================================
Model parameter count per layer
==================================================
fc1.weight 	: 401408
fc1.bias 	: 512
fc2.weight 	: 5120
fc2.bias 	: 10
Total number of parametrs : 407050
--------------------------------------------------

====================================================================================================
LOG FORMAT: Epoch: EPOCH | Train: LOSS1 LOSS2 LOSS3 | Test: LOSS1 LOSS2 LOSS3 | Error: POP OPT GEN
====================================================================================================
Epoch:      0 | Train: 2.3068 0.1796 0.8833 | Test: 2.3125 0.1797 0.889 | Error: 0.03209 0.03157 0.00052
Epoch:     50 | Train: 0.6861 0.0829 0.0816 | Test: 0.6668 0.0813 0.0779 | Error: 0.06618 0.06471 0.00147
Epoch:    100 | Train: 0.512 0.0605 0.0698 | Test: 0.4935 0.0589 0.0654 | Error: 0.04992 0.0478 0.00212
Epoch:    150 | Train: 0.4377 0.0505 0.0631 | Test: 0.4211 0.0489 0.0602 | Error: 0.03815 0.03376 0.00439
Epoch:    200 | Train: 0.4134 0.0466 0.0617 | Test: 0.3957 0.0448 0.0586 | Error: 0.04779 0.04626 0.00153
Epoch:    250 | Train: 0.3917 0.0425 0.0612 | Test: 0.3757 0.0411 0.0578 | Error: 0.04413 0.04173 0.0024
Epoch:    300 | Train: 0.3797 0.0409 0.06 | Test: 0.3651 0.0397 0.0564 | Error: 0.04652 0.04407 0.00246
Epoch:    350 | Train: 0.3571 0.0375 0.0577 | Test: 0.3403 0.0362 0.0537 | Error: 0.01874 0.01843 0.00031
Epoch:    400 | Train: 0.361 0.037 0.0601 | Test: 0.3468 0.0356 0.0575 | Error: 0.03313 0.03239 0.00074
Epoch:    450 | Train: 0.3434 0.036 0.0557 | Test: 0.3311 0.0347 0.0536 | Error: 0.02993 0.02793 0.002
Epoch:    500 | Train: 0.3421 0.0353 0.0553 | Test: 0.3276 0.034 0.0529 | Error: 0.03229 0.03205 0.00024
Epoch:    550 | Train: 0.3357 0.0345 0.055 | Test: 0.3294 0.0336 0.0549 | Error: 0.03557 0.02941 0.00616
Epoch:    600 | Train: 0.3333 0.034 0.0541 | Test: 0.3241 0.0329 0.0527 | Error: 0.0355 0.03341 0.00208
Epoch:    650 | Train: 0.3269 0.033 0.0541 | Test: 0.3178 0.0318 0.0536 | Error: 0.02901 0.02727 0.00174
Epoch:    700 | Train: 0.3209 0.0321 0.0535 | Test: 0.3132 0.0312 0.0529 | Error: 0.02893 0.02269 0.00624
Epoch:    750 | Train: 0.3187 0.0318 0.0534 | Test: 0.3117 0.0306 0.0537 | Error: 0.02545 0.02677 -0.00132
Epoch:    800 | Train: 0.3199 0.0315 0.0537 | Test: 0.3125 0.0305 0.0528 | Error: 0.02887 0.02716 0.00171
Epoch:    850 | Train: 0.3162 0.0307 0.0539 | Test: 0.3122 0.0298 0.0548 | Error: 0.02849 0.02669 0.0018
Epoch:    900 | Train: 0.3169 0.0311 0.0532 | Test: 0.3156 0.0305 0.0539 | Error: 0.03343 0.03075 0.00268
Epoch:    950 | Train: 0.3205 0.0313 0.0537 | Test: 0.3204 0.0307 0.0558 | Error: 0.04344 0.0416 0.00184
Epoch:  1,000 | Train: 0.3102 0.0304 0.0518 | Test: 0.3074 0.0295 0.0529 | Error: 0.02963 0.03122 -0.00159

====================================================================================================
PERF FORMAT: DATASET | Acuracy: ACC | Loss: LOSS1 LOSS2 LOSS3 | PS: PS
====================================================================================================
Train | Acuracy:  91.21% | Loss: 0.31015 0.03043 0.05184 | PS: 0.03122 
Val   | Acuracy:  90.70% | Loss: 0.32862 0.03145 0.05556 | PS: 0.02883 
Test  | Acuracy:  91.49% | Loss: 0.3074 0.02953 0.05286 | PS: 0.02963 
----------------------------------------------------------------------------------------------------
Optimization error  : 0.03122
Population error    : 0.02963
Generalization error: -0.00159
