Namespace(batch_size=64, beta_moco=0.1, gamma_moco=0.1, gamma_modo=0.1, lr=0.1, moo_method='EW', num_epochs=1000, rho_moco=0.1, rho_modo=0.1, seed=6)

==================================================
Model parameter count per layer
==================================================
fc1.weight 	: 401408
fc1.bias 	: 512
fc2.weight 	: 5120
fc2.bias 	: 10
Total number of parametrs : 407050
--------------------------------------------------

====================================================================================================
LOG FORMAT: Epoch: EPOCH | Train: LOSS1 LOSS2 LOSS3 | Test: LOSS1 LOSS2 LOSS3 | Error: POP OPT GEN
====================================================================================================
Epoch:      0 | Train: 2.3525 0.1806 0.931 | Test: 2.355 0.1807 0.9331 | Error: 0.03221 0.03153 0.00068
Epoch:     50 | Train: 0.689 0.0832 0.0841 | Test: 0.6637 0.0813 0.0772 | Error: 0.06884 0.06743 0.00141
Epoch:    100 | Train: 0.5174 0.0609 0.071 | Test: 0.4941 0.0589 0.0655 | Error: 0.04797 0.04592 0.00205
Epoch:    150 | Train: 0.4509 0.0515 0.066 | Test: 0.4289 0.0496 0.0618 | Error: 0.03538 0.03578 -0.0004
Epoch:    200 | Train: 0.4101 0.0458 0.0616 | Test: 0.3902 0.044 0.0579 | Error: 0.02811 0.02704 0.00107
Epoch:    250 | Train: 0.3956 0.0437 0.0602 | Test: 0.3756 0.042 0.0567 | Error: 0.04206 0.03901 0.00304
Epoch:    300 | Train: 0.3728 0.04 0.0583 | Test: 0.3565 0.0384 0.0556 | Error: 0.02243 0.01818 0.00425
Epoch:    350 | Train: 0.3656 0.0389 0.0577 | Test: 0.3483 0.0372 0.0547 | Error: 0.02651 0.02722 -0.00071
Epoch:    400 | Train: 0.3587 0.0373 0.0582 | Test: 0.3438 0.0359 0.0557 | Error: 0.02889 0.02788 0.00101
Epoch:    450 | Train: 0.3484 0.0359 0.0567 | Test: 0.3337 0.0347 0.054 | Error: 0.02658 0.02516 0.00142
Epoch:    500 | Train: 0.3461 0.0351 0.0571 | Test: 0.3335 0.0338 0.0558 | Error: 0.02657 0.02586 0.00071
Epoch:    550 | Train: 0.3376 0.0346 0.0543 | Test: 0.3242 0.0334 0.052 | Error: 0.02477 0.02327 0.0015
Epoch:    600 | Train: 0.33 0.0333 0.0545 | Test: 0.3204 0.0324 0.0531 | Error: 0.02375 0.02133 0.00242
Epoch:    650 | Train: 0.3246 0.0329 0.0533 | Test: 0.3122 0.0318 0.0514 | Error: 0.02095 0.01928 0.00167
Epoch:    700 | Train: 0.3286 0.0328 0.0542 | Test: 0.3203 0.0317 0.0537 | Error: 0.02394 0.02557 -0.00163
Epoch:    750 | Train: 0.3209 0.0321 0.0528 | Test: 0.312 0.0311 0.0525 | Error: 0.02306 0.02219 0.00087
Epoch:    800 | Train: 0.3165 0.0319 0.052 | Test: 0.3111 0.0311 0.052 | Error: 0.02792 0.02176 0.00617
Epoch:    850 | Train: 0.3159 0.0317 0.0517 | Test: 0.3055 0.0306 0.0506 | Error: 0.02597 0.02829 -0.00232
Epoch:    900 | Train: 0.3221 0.0317 0.0534 | Test: 0.3117 0.0305 0.0519 | Error: 0.0316 0.03169 -9e-05
Epoch:    950 | Train: 0.3126 0.031 0.0517 | Test: 0.3024 0.0298 0.0504 | Error: 0.02438 0.02585 -0.00147
Epoch:  1,000 | Train: 0.3092 0.0308 0.0509 | Test: 0.3003 0.0298 0.05 | Error: 0.02668 0.02352 0.00316

====================================================================================================
PERF FORMAT: DATASET | Acuracy: ACC | Loss: LOSS1 LOSS2 LOSS3 | PS: PS
====================================================================================================
Train | Acuracy:  91.27% | Loss: 0.30919 0.03079 0.05091 | PS: 0.02352 
Val   | Acuracy:  90.69% | Loss: 0.31875 0.03169 0.05425 | PS: 0.02303 
Test  | Acuracy:  91.43% | Loss: 0.30035 0.02984 0.05002 | PS: 0.02668 
----------------------------------------------------------------------------------------------------
Optimization error  : 0.02352
Population error    : 0.02668
Generalization error: 0.00316
