Namespace(batch_size=64, beta_moco=0.1, gamma_moco=0.1, gamma_modo=0.1, lr=0.1, moo_method='EW', num_epochs=1000, rho_moco=0.1, rho_modo=0.1, seed=7)

==================================================
Model parameter count per layer
==================================================
fc1.weight 	: 401408
fc1.bias 	: 512
fc2.weight 	: 5120
fc2.bias 	: 10
Total number of parametrs : 407050
--------------------------------------------------

====================================================================================================
LOG FORMAT: Epoch: EPOCH | Train: LOSS1 LOSS2 LOSS3 | Test: LOSS1 LOSS2 LOSS3 | Error: POP OPT GEN
====================================================================================================
Epoch:      0 | Train: 2.3352 0.18 0.9057 | Test: 2.3277 0.1799 0.8983 | Error: 0.03277 0.03159 0.00118
Epoch:     50 | Train: 0.6905 0.0841 0.0801 | Test: 0.667 0.0821 0.0753 | Error: 0.06212 0.05731 0.00481
Epoch:    100 | Train: 0.5143 0.0615 0.0686 | Test: 0.4921 0.0595 0.0646 | Error: 0.04843 0.04561 0.00282
Epoch:    150 | Train: 0.4473 0.0521 0.0627 | Test: 0.4275 0.0503 0.0594 | Error: 0.03917 0.03678 0.0024
Epoch:    200 | Train: 0.4133 0.0463 0.0616 | Test: 0.3919 0.0442 0.058 | Error: 0.03297 0.03251 0.00046
Epoch:    250 | Train: 0.3971 0.0442 0.0596 | Test: 0.3755 0.0425 0.0556 | Error: 0.04699 0.04312 0.00386
Epoch:    300 | Train: 0.3798 0.0411 0.059 | Test: 0.3591 0.0395 0.0549 | Error: 0.04292 0.03835 0.00458
Epoch:    350 | Train: 0.3644 0.039 0.0573 | Test: 0.347 0.0374 0.0545 | Error: 0.03263 0.03037 0.00226
Epoch:    400 | Train: 0.3585 0.0376 0.0579 | Test: 0.3402 0.0361 0.0547 | Error: 0.03874 0.03743 0.00131
Epoch:    450 | Train: 0.3457 0.0361 0.0555 | Test: 0.3278 0.0345 0.0528 | Error: 0.02622 0.02588 0.00034
Epoch:    500 | Train: 0.3376 0.035 0.0546 | Test: 0.3243 0.0336 0.0537 | Error: 0.02956 0.02631 0.00325
Epoch:    550 | Train: 0.3354 0.0346 0.0553 | Test: 0.3229 0.0333 0.0544 | Error: 0.02839 0.02778 0.00061
Epoch:    600 | Train: 0.3399 0.0347 0.0553 | Test: 0.332 0.0336 0.0554 | Error: 0.04364 0.03965 0.00399
Epoch:    650 | Train: 0.3267 0.0329 0.0542 | Test: 0.3182 0.0318 0.0539 | Error: 0.02479 0.02054 0.00425
Epoch:    700 | Train: 0.3266 0.0328 0.0546 | Test: 0.3181 0.0316 0.054 | Error: 0.03009 0.03053 -0.00044
Epoch:    750 | Train: 0.3237 0.0325 0.054 | Test: 0.3153 0.0315 0.0536 | Error: 0.03111 0.02706 0.00405
Epoch:    800 | Train: 0.3181 0.0325 0.0515 | Test: 0.3096 0.0314 0.0514 | Error: 0.0255 0.0223 0.0032
Epoch:    850 | Train: 0.3277 0.0324 0.0547 | Test: 0.3202 0.0312 0.0552 | Error: 0.03666 0.03667 -1e-05
Epoch:    900 | Train: 0.3229 0.0318 0.0543 | Test: 0.3183 0.031 0.055 | Error: 0.03239 0.02974 0.00265
Epoch:    950 | Train: 0.3151 0.031 0.0529 | Test: 0.3061 0.0298 0.0528 | Error: 0.0215 0.02254 -0.00104
Epoch:  1,000 | Train: 0.3176 0.0318 0.0526 | Test: 0.3125 0.0309 0.0537 | Error: 0.04374 0.04028 0.00346

====================================================================================================
PERF FORMAT: DATASET | Acuracy: ACC | Loss: LOSS1 LOSS2 LOSS3 | PS: PS
====================================================================================================
Train | Acuracy:  90.93% | Loss: 0.31762 0.03178 0.0526 | PS: 0.04028 
Val   | Acuracy:  90.73% | Loss: 0.32497 0.03199 0.05463 | PS: 0.0435 
Test  | Acuracy:  91.10% | Loss: 0.3125 0.03091 0.05366 | PS: 0.04374 
----------------------------------------------------------------------------------------------------
Optimization error  : 0.04028
Population error    : 0.04374
Generalization error: 0.00346
