Namespace(batch_size=64, beta_moco=0.1, gamma_moco=0.1, gamma_modo=0.1, lr=1.0, moo_method='MGDA', num_epochs=1000, rho_moco=0.1, rho_modo=0.1, seed=8)

==================================================
Model parameter count per layer
==================================================
fc1.weight 	: 401408
fc1.bias 	: 512
fc2.weight 	: 5120
fc2.bias 	: 10
Total number of parametrs : 407050
--------------------------------------------------

====================================================================================================
LOG FORMAT: Epoch: EPOCH | Train: LOSS1 LOSS2 LOSS3 | Test: LOSS1 LOSS2 LOSS3 | Error: POP OPT GEN
====================================================================================================
Epoch:      0 | Train: 2.3556 0.1806 0.9304 | Test: 2.3569 0.1807 0.9314 | Error: 0.03079 0.03001 0.00078
Epoch:     50 | Train: 0.9185 0.0707 0.2829 | Test: 0.8981 0.0691 0.278 | Error: 0.04224 0.03871 0.00353
Epoch:    100 | Train: 0.8805 0.0501 0.2689 | Test: 0.8673 0.0485 0.267 | Error: 0.0283 0.02716 0.00114
Epoch:    150 | Train: 0.8975 0.0437 0.2604 | Test: 0.8918 0.0424 0.2592 | Error: 0.02021 0.01776 0.00246
Epoch:    200 | Train: 0.8642 0.0408 0.2298 | Test: 0.8611 0.0396 0.231 | Error: 0.01502 0.01367 0.00135
Epoch:    250 | Train: 0.7254 0.0383 0.1703 | Test: 0.7152 0.037 0.1699 | Error: 0.01857 0.02007 -0.00151
Epoch:    300 | Train: 0.4864 0.0324 0.1035 | Test: 0.4756 0.0312 0.104 | Error: 0.02558 0.02353 0.00205
Epoch:    350 | Train: 0.4674 0.0295 0.1018 | Test: 0.4515 0.0286 0.0991 | Error: 0.04089 0.03778 0.00311
Epoch:    400 | Train: 0.4417 0.026 0.0984 | Test: 0.4264 0.0251 0.098 | Error: 0.01586 0.01465 0.00121
Epoch:    450 | Train: 0.4595 0.0254 0.1027 | Test: 0.4399 0.0244 0.1016 | Error: 0.02109 0.02104 5e-05
Epoch:    500 | Train: 0.4448 0.0241 0.1001 | Test: 0.4314 0.0234 0.098 | Error: 0.01757 0.01693 0.00063
Epoch:    550 | Train: 0.4599 0.0237 0.1045 | Test: 0.4469 0.023 0.1032 | Error: 0.02372 0.02006 0.00367
Epoch:    600 | Train: 0.4466 0.0226 0.1007 | Test: 0.4288 0.0217 0.0989 | Error: 0.01192 0.01084 0.00108
Epoch:    650 | Train: 0.4725 0.0226 0.107 | Test: 0.4503 0.0219 0.1043 | Error: 0.02658 0.02277 0.00381
Epoch:    700 | Train: 0.4567 0.0216 0.1035 | Test: 0.4304 0.0207 0.0997 | Error: 0.01051 0.00912 0.00139
Epoch:    750 | Train: 0.4597 0.021 0.1054 | Test: 0.4374 0.0202 0.1025 | Error: 0.00948 0.00802 0.00146
Epoch:    800 | Train: 0.4774 0.0214 0.1092 | Test: 0.4584 0.0206 0.1084 | Error: 0.0219 0.01872 0.00318
Epoch:    850 | Train: 0.4688 0.0207 0.1077 | Test: 0.4629 0.0203 0.1094 | Error: 0.01201 0.00952 0.0025
Epoch:    900 | Train: 0.4743 0.0208 0.1064 | Test: 0.449 0.0198 0.1051 | Error: 0.01462 0.01598 -0.00136
Epoch:    950 | Train: 0.4735 0.0203 0.1094 | Test: 0.4558 0.0195 0.1083 | Error: 0.01267 0.01364 -0.00097
Epoch:  1,000 | Train: 0.4741 0.0199 0.109 | Test: 0.4576 0.0193 0.1088 | Error: 0.01305 0.00898 0.00406

====================================================================================================
PERF FORMAT: DATASET | Acuracy: ACC | Loss: LOSS1 LOSS2 LOSS3 | PS: PS
====================================================================================================
Train | Acuracy:  91.42% | Loss: 0.47413 0.01986 0.10897 | PS: 0.00898 
Val   | Acuracy:  90.56% | Loss: 0.51482 0.02118 0.12289 | PS: 0.01135 
Test  | Acuracy:  91.45% | Loss: 0.45755 0.01934 0.10884 | PS: 0.01305 
----------------------------------------------------------------------------------------------------
Optimization error  : 0.00898
Population error    : 0.01305
Generalization error: 0.00406
