Namespace(batch_size=64, beta_moco=0.1, gamma_moco=0.1, gamma_modo=0.1, lr=1.0, moo_method='MGDA', num_epochs=1000, rho_moco=0.1, rho_modo=0.1, seed=3)

==================================================
Model parameter count per layer
==================================================
fc1.weight 	: 401408
fc1.bias 	: 512
fc2.weight 	: 5120
fc2.bias 	: 10
Total number of parametrs : 407050
--------------------------------------------------

====================================================================================================
LOG FORMAT: Epoch: EPOCH | Train: LOSS1 LOSS2 LOSS3 | Test: LOSS1 LOSS2 LOSS3 | Error: POP OPT GEN
====================================================================================================
Epoch:      0 | Train: 2.3215 0.1797 0.8909 | Test: 2.3254 0.1798 0.8934 | Error: 0.03451 0.03394 0.00057
Epoch:     50 | Train: 1.345 0.0885 0.3816 | Test: 1.3557 0.0879 0.3851 | Error: 0.03772 0.03409 0.00363
Epoch:    100 | Train: 0.8328 0.056 0.2184 | Test: 0.8126 0.0547 0.2125 | Error: 0.0502 0.04587 0.00434
Epoch:    150 | Train: 0.7252 0.0452 0.1665 | Test: 0.7099 0.0437 0.163 | Error: 0.02457 0.02307 0.00151
Epoch:    200 | Train: 0.4438 0.0348 0.0927 | Test: 0.4264 0.0334 0.0903 | Error: 0.02715 0.02633 0.00082
Epoch:    250 | Train: 0.426 0.0301 0.0937 | Test: 0.4078 0.0289 0.0905 | Error: 0.01976 0.01888 0.00089
Epoch:    300 | Train: 0.4269 0.0275 0.0947 | Test: 0.4077 0.0265 0.0903 | Error: 0.01307 0.01288 0.00019
Epoch:    350 | Train: 0.4384 0.0265 0.0983 | Test: 0.4247 0.0258 0.0951 | Error: 0.025 0.02099 0.00402
Epoch:    400 | Train: 0.4499 0.0258 0.1013 | Test: 0.4267 0.0248 0.0955 | Error: 0.02923 0.02962 -0.00039
Epoch:    450 | Train: 0.4498 0.0245 0.1034 | Test: 0.4363 0.0239 0.0999 | Error: 0.01961 0.01656 0.00304
Epoch:    500 | Train: 0.4541 0.0239 0.1026 | Test: 0.4338 0.0231 0.0967 | Error: 0.0204 0.02081 -0.00041
Epoch:    550 | Train: 0.4504 0.0228 0.1029 | Test: 0.4275 0.022 0.0977 | Error: 0.01666 0.0137 0.00296
Epoch:    600 | Train: 0.4678 0.0227 0.1084 | Test: 0.4501 0.022 0.1051 | Error: 0.02325 0.02063 0.00262
Epoch:    650 | Train: 0.4655 0.0221 0.1075 | Test: 0.4404 0.0211 0.1023 | Error: 0.01462 0.01684 -0.00222
Epoch:    700 | Train: 0.4642 0.0217 0.1063 | Test: 0.4424 0.0208 0.1029 | Error: 0.0142 0.01484 -0.00065
Epoch:    750 | Train: 0.4986 0.0225 0.1123 | Test: 0.4672 0.0214 0.107 | Error: 0.02545 0.02695 -0.0015
Epoch:    800 | Train: 0.4855 0.0213 0.1128 | Test: 0.4632 0.0205 0.1091 | Error: 0.02063 0.01799 0.00263
Epoch:    850 | Train: 0.4917 0.0208 0.1159 | Test: 0.4678 0.0199 0.1134 | Error: 0.01599 0.01451 0.00148
Epoch:    900 | Train: 0.5051 0.0216 0.1164 | Test: 0.4899 0.0211 0.1127 | Error: 0.02614 0.02811 -0.00197
Epoch:    950 | Train: 0.5039 0.0206 0.1164 | Test: 0.4768 0.0198 0.1122 | Error: 0.01835 0.0168 0.00155
Epoch:  1,000 | Train: 0.4954 0.02 0.1181 | Test: 0.4775 0.0196 0.1153 | Error: 0.01724 0.01517 0.00207

====================================================================================================
PERF FORMAT: DATASET | Acuracy: ACC | Loss: LOSS1 LOSS2 LOSS3 | PS: PS
====================================================================================================
Train | Acuracy:  91.25% | Loss: 0.49537 0.02004 0.1181 | PS: 0.01517 
Val   | Acuracy:  90.51% | Loss: 0.51477 0.02144 0.11768 | PS: 0.01365 
Test  | Acuracy:  91.22% | Loss: 0.47747 0.01963 0.11526 | PS: 0.01724 
----------------------------------------------------------------------------------------------------
Optimization error  : 0.01517
Population error    : 0.01724
Generalization error: 0.00207
