Namespace(batch_size=64, beta_moco=0.1, gamma_moco=0.1, gamma_modo=0.1, lr=1.0, moo_method='MGDA', num_epochs=1000, rho_moco=0.1, rho_modo=0.1, seed=5)

==================================================
Model parameter count per layer
==================================================
fc1.weight 	: 401408
fc1.bias 	: 512
fc2.weight 	: 5120
fc2.bias 	: 10
Total number of parametrs : 407050
--------------------------------------------------

====================================================================================================
LOG FORMAT: Epoch: EPOCH | Train: LOSS1 LOSS2 LOSS3 | Test: LOSS1 LOSS2 LOSS3 | Error: POP OPT GEN
====================================================================================================
Epoch:      0 | Train: 2.3112 0.1799 0.8888 | Test: 2.3147 0.1799 0.8916 | Error: 0.03278 0.03197 0.00081
Epoch:     50 | Train: 1.1767 0.0758 0.347 | Test: 1.1628 0.074 0.3443 | Error: 0.0347 0.03326 0.00144
Epoch:    100 | Train: 0.8641 0.0566 0.2387 | Test: 0.8462 0.0548 0.2346 | Error: 0.03371 0.0328 0.00091
Epoch:    150 | Train: 0.7646 0.0459 0.1893 | Test: 0.7521 0.0443 0.1864 | Error: 0.02896 0.02702 0.00194
Epoch:    200 | Train: 0.4603 0.0366 0.0959 | Test: 0.445 0.0352 0.0933 | Error: 0.02446 0.02334 0.00112
Epoch:    250 | Train: 0.4379 0.0311 0.0952 | Test: 0.431 0.0303 0.0939 | Error: 0.03261 0.02854 0.00407
Epoch:    300 | Train: 0.4316 0.0279 0.0962 | Test: 0.4216 0.027 0.0944 | Error: 0.01926 0.01399 0.00527
Epoch:    350 | Train: 0.4318 0.0263 0.0974 | Test: 0.4162 0.0252 0.0948 | Error: 0.01574 0.01489 0.00085
Epoch:    400 | Train: 0.436 0.025 0.1009 | Test: 0.4186 0.0239 0.098 | Error: 0.01147 0.01217 -0.00071
Epoch:    450 | Train: 0.4597 0.0252 0.1057 | Test: 0.4474 0.0245 0.104 | Error: 0.03412 0.03217 0.00195
Epoch:    500 | Train: 0.4543 0.0236 0.1068 | Test: 0.4423 0.0227 0.1046 | Error: 0.01895 0.01645 0.0025
Epoch:    550 | Train: 0.4689 0.0239 0.1077 | Test: 0.4584 0.023 0.1062 | Error: 0.02801 0.0288 -0.00079
Epoch:    600 | Train: 0.4569 0.0225 0.1067 | Test: 0.4465 0.022 0.1058 | Error: 0.0186 0.01713 0.00146
Epoch:    650 | Train: 0.4572 0.022 0.1069 | Test: 0.4475 0.0212 0.1062 | Error: 0.01526 0.01661 -0.00136
Epoch:    700 | Train: 0.4583 0.0213 0.1081 | Test: 0.444 0.0208 0.1051 | Error: 0.01282 0.00991 0.00291
Epoch:    750 | Train: 0.4798 0.0212 0.1148 | Test: 0.4584 0.0205 0.11 | Error: 0.01416 0.01627 -0.00212
Epoch:    800 | Train: 0.4791 0.0207 0.1152 | Test: 0.4618 0.0202 0.1116 | Error: 0.01281 0.01049 0.00232
Epoch:    850 | Train: 0.4773 0.0207 0.1124 | Test: 0.4587 0.02 0.1088 | Error: 0.01589 0.01778 -0.00189
Epoch:    900 | Train: 0.4894 0.0207 0.114 | Test: 0.487 0.0206 0.1149 | Error: 0.01937 0.016 0.00337
Epoch:    950 | Train: 0.4932 0.0203 0.1173 | Test: 0.4778 0.0199 0.1158 | Error: 0.02012 0.01797 0.00215
Epoch:  1,000 | Train: 0.4825 0.0197 0.1137 | Test: 0.4709 0.0192 0.1126 | Error: 0.01087 0.01019 0.00068

====================================================================================================
PERF FORMAT: DATASET | Acuracy: ACC | Loss: LOSS1 LOSS2 LOSS3 | PS: PS
====================================================================================================
Train | Acuracy:  91.39% | Loss: 0.48252 0.01968 0.11369 | PS: 0.01019 
Val   | Acuracy:  90.32% | Loss: 0.54004 0.02186 0.12711 | PS: 0.01289 
Test  | Acuracy:  91.50% | Loss: 0.47089 0.01923 0.11262 | PS: 0.01087 
----------------------------------------------------------------------------------------------------
Optimization error  : 0.01019
Population error    : 0.01087
Generalization error: 0.00068
