Namespace(batch_size=64, beta_moco=0.1, gamma_moco=0.1, gamma_modo=0.1, lr=1.0, moo_method='MoCo', num_epochs=1000, rho_moco=0.0, rho_modo=0.1, seed=0)

==================================================
Model parameter count per layer
==================================================
fc1.weight 	: 401408
fc1.bias 	: 512
fc2.weight 	: 5120
fc2.bias 	: 10
Total number of parametrs : 407050
--------------------------------------------------

====================================================================================================
LOG FORMAT: Epoch: EPOCH | Train: LOSS1 LOSS2 LOSS3 | Test: LOSS1 LOSS2 LOSS3 | Error: POP OPT GEN
====================================================================================================
Epoch:      0 | Train: 2.3229 0.1802 0.9055 | Test: 2.3241 0.1802 0.9065 | Error: 0.03119 0.0304 0.00079
Epoch:     50 | Train: 0.4902 0.0382 0.0926 | Test: 0.4761 0.0371 0.0889 | Error: 0.06049 0.05971 0.00078
Epoch:    100 | Train: 0.3998 0.034 0.0743 | Test: 0.391 0.0328 0.0724 | Error: 0.05446 0.05232 0.00214
Epoch:    150 | Train: 0.3741 0.0319 0.0678 | Test: 0.3523 0.0304 0.0625 | Error: 0.03427 0.0356 -0.00133
Epoch:    200 | Train: 0.361 0.0304 0.0658 | Test: 0.348 0.0295 0.0629 | Error: 0.03471 0.03404 0.00067
Epoch:    250 | Train: 0.3413 0.0294 0.0605 | Test: 0.3334 0.0285 0.0605 | Error: 0.03941 0.03593 0.00348
Epoch:    300 | Train: 0.3763 0.031 0.067 | Test: 0.3662 0.0299 0.0657 | Error: 0.04911 0.04889 0.00022
Epoch:    350 | Train: 0.3246 0.0273 0.0586 | Test: 0.3108 0.026 0.0576 | Error: 0.02151 0.02089 0.00061
Epoch:    400 | Train: 0.3166 0.0265 0.0574 | Test: 0.3099 0.0255 0.058 | Error: 0.01713 0.01468 0.00246
Epoch:    450 | Train: 0.3264 0.0273 0.0588 | Test: 0.3221 0.0268 0.0581 | Error: 0.03397 0.02993 0.00404
Epoch:    500 | Train: 0.3212 0.027 0.0576 | Test: 0.3085 0.0259 0.0558 | Error: 0.02243 0.02064 0.00179
Epoch:    550 | Train: 0.3342 0.0286 0.0572 | Test: 0.3255 0.0278 0.056 | Error: 0.03685 0.03702 -0.00018
Epoch:    600 | Train: 0.3418 0.0292 0.0579 | Test: 0.3419 0.0291 0.0582 | Error: 0.04612 0.04128 0.00484
Epoch:    650 | Train: 0.3194 0.027 0.0556 | Test: 0.3084 0.0262 0.0532 | Error: 0.02194 0.02028 0.00166
Epoch:    700 | Train: 0.3164 0.0258 0.0557 | Test: 0.3082 0.025 0.0545 | Error: 0.01933 0.02 -0.00067
Epoch:    750 | Train: 0.3349 0.0267 0.0593 | Test: 0.333 0.0258 0.0603 | Error: 0.03505 0.03644 -0.00139
Epoch:    800 | Train: 0.324 0.0263 0.0559 | Test: 0.3263 0.0258 0.0577 | Error: 0.03738 0.03663 0.00075
Epoch:    850 | Train: 0.3306 0.0265 0.0574 | Test: 0.3306 0.0261 0.0596 | Error: 0.0414 0.0389 0.0025
Epoch:    900 | Train: 0.3172 0.0248 0.0564 | Test: 0.3123 0.0242 0.0564 | Error: 0.03024 0.02562 0.00462
Epoch:    950 | Train: 0.3103 0.0243 0.0553 | Test: 0.3038 0.0236 0.054 | Error: 0.01308 0.01246 0.00062
Epoch:  1,000 | Train: 0.3226 0.0255 0.056 | Test: 0.3221 0.0251 0.0563 | Error: 0.03088 0.03028 0.0006

====================================================================================================
PERF FORMAT: DATASET | Acuracy: ACC | Loss: LOSS1 LOSS2 LOSS3 | PS: PS
====================================================================================================
Train | Acuracy:  91.02% | Loss: 0.32258 0.02551 0.05597 | PS: 0.03028 
Val   | Acuracy:  90.67% | Loss: 0.34034 0.0263 0.05895 | PS: 0.02942 
Test  | Acuracy:  90.74% | Loss: 0.32211 0.02506 0.0563 | PS: 0.03088 
----------------------------------------------------------------------------------------------------
Optimization error  : 0.03028
Population error    : 0.03088
Generalization error: 0.0006
