Namespace(batch_size=64, beta_moco=0.1, gamma_moco=0.1, gamma_modo=0.1, lr=1.0, moo_method='MoCo', num_epochs=1000, rho_moco=0.0, rho_modo=0.1, seed=7)

==================================================
Model parameter count per layer
==================================================
fc1.weight 	: 401408
fc1.bias 	: 512
fc2.weight 	: 5120
fc2.bias 	: 10
Total number of parametrs : 407050
--------------------------------------------------

====================================================================================================
LOG FORMAT: Epoch: EPOCH | Train: LOSS1 LOSS2 LOSS3 | Test: LOSS1 LOSS2 LOSS3 | Error: POP OPT GEN
====================================================================================================
Epoch:      0 | Train: 2.3352 0.18 0.9057 | Test: 2.3277 0.1799 0.8983 | Error: 0.03277 0.03159 0.00118
Epoch:     50 | Train: 0.454 0.0381 0.0829 | Test: 0.4385 0.0365 0.0836 | Error: 0.06272 0.05902 0.0037
Epoch:    100 | Train: 0.3915 0.0329 0.0717 | Test: 0.3842 0.0317 0.0725 | Error: 0.03755 0.03513 0.00243
Epoch:    150 | Train: 0.3784 0.0335 0.0675 | Test: 0.3704 0.0324 0.0677 | Error: 0.04807 0.04734 0.00073
Epoch:    200 | Train: 0.3679 0.0315 0.0644 | Test: 0.3524 0.0303 0.0638 | Error: 0.03411 0.03124 0.00287
Epoch:    250 | Train: 0.3616 0.0313 0.0625 | Test: 0.347 0.03 0.0613 | Error: 0.03974 0.03817 0.00157
Epoch:    300 | Train: 0.3362 0.0297 0.0578 | Test: 0.3255 0.0287 0.0569 | Error: 0.0324 0.02944 0.00296
Epoch:    350 | Train: 0.3277 0.0279 0.0582 | Test: 0.3276 0.0273 0.0604 | Error: 0.0299 0.02601 0.0039
Epoch:    400 | Train: 0.3286 0.0273 0.059 | Test: 0.3243 0.0266 0.0594 | Error: 0.02431 0.02221 0.0021
Epoch:    450 | Train: 0.3285 0.0277 0.0577 | Test: 0.3231 0.0271 0.0586 | Error: 0.03347 0.03218 0.00129
Epoch:    500 | Train: 0.3273 0.0278 0.0576 | Test: 0.325 0.0269 0.0599 | Error: 0.03413 0.03413 0.0
Epoch:    550 | Train: 0.3315 0.0278 0.0592 | Test: 0.3248 0.0268 0.0602 | Error: 0.03619 0.03621 -2e-05
Epoch:    600 | Train: 0.3254 0.0268 0.0578 | Test: 0.3297 0.0264 0.0608 | Error: 0.03573 0.03116 0.00457
Epoch:    650 | Train: 0.3253 0.0264 0.0574 | Test: 0.3284 0.0261 0.0606 | Error: 0.03215 0.02798 0.00417
Epoch:    700 | Train: 0.3164 0.0258 0.0561 | Test: 0.3142 0.0252 0.0573 | Error: 0.02699 0.02473 0.00226
Epoch:    750 | Train: 0.3244 0.0268 0.0563 | Test: 0.3217 0.0258 0.0581 | Error: 0.03188 0.03496 -0.00308
Epoch:    800 | Train: 0.3251 0.0273 0.0554 | Test: 0.3289 0.0268 0.0581 | Error: 0.03535 0.03601 -0.00066
Epoch:    850 | Train: 0.3161 0.0259 0.0551 | Test: 0.3227 0.0254 0.0598 | Error: 0.02699 0.02611 0.00088
Epoch:    900 | Train: 0.3113 0.0251 0.0551 | Test: 0.3164 0.0247 0.0589 | Error: 0.02495 0.02519 -0.00025
Epoch:    950 | Train: 0.3063 0.0245 0.0541 | Test: 0.3078 0.0239 0.0566 | Error: 0.01484 0.01367 0.00117
Epoch:  1,000 | Train: 0.3199 0.0256 0.0565 | Test: 0.3227 0.0251 0.0595 | Error: 0.02421 0.02417 4e-05

====================================================================================================
PERF FORMAT: DATASET | Acuracy: ACC | Loss: LOSS1 LOSS2 LOSS3 | PS: PS
====================================================================================================
Train | Acuracy:  91.03% | Loss: 0.31985 0.02557 0.05653 | PS: 0.02417 
Val   | Acuracy:  90.82% | Loss: 0.33575 0.02597 0.06046 | PS: 0.02751 
Test  | Acuracy:  90.96% | Loss: 0.3227 0.02514 0.05948 | PS: 0.02421 
----------------------------------------------------------------------------------------------------
Optimization error  : 0.02417
Population error    : 0.02421
Generalization error: 4e-05
