Namespace(batch_size=64, beta_moco=0.1, gamma_moco=0.1, gamma_modo=0.1, lr=1.0, moo_method='MoCo', num_epochs=1000, rho_moco=0.0, rho_modo=0.1, seed=2)

==================================================
Model parameter count per layer
==================================================
fc1.weight 	: 401408
fc1.bias 	: 512
fc2.weight 	: 5120
fc2.bias 	: 10
Total number of parametrs : 407050
--------------------------------------------------

====================================================================================================
LOG FORMAT: Epoch: EPOCH | Train: LOSS1 LOSS2 LOSS3 | Test: LOSS1 LOSS2 LOSS3 | Error: POP OPT GEN
====================================================================================================
Epoch:      0 | Train: 2.2838 0.1792 0.8559 | Test: 2.2852 0.1792 0.857 | Error: 0.03303 0.03223 0.00079
Epoch:     50 | Train: 0.4409 0.0369 0.0827 | Test: 0.4259 0.0355 0.081 | Error: 0.05769 0.05546 0.00223
Epoch:    100 | Train: 0.3948 0.0342 0.0704 | Test: 0.3848 0.0328 0.0706 | Error: 0.03672 0.03827 -0.00155
Epoch:    150 | Train: 0.3617 0.0317 0.065 | Test: 0.3571 0.031 0.0651 | Error: 0.03895 0.03369 0.00526
Epoch:    200 | Train: 0.381 0.0312 0.0678 | Test: 0.3667 0.0306 0.0647 | Error: 0.04555 0.04167 0.00389
Epoch:    250 | Train: 0.3372 0.0289 0.0594 | Test: 0.323 0.0277 0.057 | Error: 0.03085 0.02889 0.00196
Epoch:    300 | Train: 0.3402 0.0294 0.0584 | Test: 0.3343 0.0287 0.0578 | Error: 0.02998 0.02869 0.00128
Epoch:    350 | Train: 0.3309 0.0284 0.0575 | Test: 0.3268 0.0276 0.0577 | Error: 0.03035 0.0309 -0.00055
Epoch:    400 | Train: 0.3255 0.0269 0.0583 | Test: 0.32 0.026 0.0583 | Error: 0.02996 0.02909 0.00088
Epoch:    450 | Train: 0.3326 0.028 0.0587 | Test: 0.3295 0.0273 0.06 | Error: 0.03732 0.03892 -0.00159
Epoch:    500 | Train: 0.3179 0.0266 0.0563 | Test: 0.3124 0.0259 0.0566 | Error: 0.01933 0.01975 -0.00042
Epoch:    550 | Train: 0.3346 0.0273 0.0586 | Test: 0.3357 0.0267 0.0602 | Error: 0.04178 0.04016 0.00162
Epoch:    600 | Train: 0.3261 0.0275 0.0566 | Test: 0.32 0.0264 0.0565 | Error: 0.03985 0.04416 -0.0043
Epoch:    650 | Train: 0.3284 0.0272 0.0565 | Test: 0.334 0.027 0.0573 | Error: 0.04327 0.04181 0.00146
Epoch:    700 | Train: 0.344 0.0275 0.06 | Test: 0.3541 0.0271 0.0619 | Error: 0.03745 0.03814 -0.00069
Epoch:    750 | Train: 0.3146 0.0253 0.0559 | Test: 0.3194 0.0249 0.0584 | Error: 0.0255 0.02435 0.00115
Epoch:    800 | Train: 0.3203 0.0266 0.0553 | Test: 0.32 0.0259 0.0577 | Error: 0.03526 0.03662 -0.00136
Epoch:    850 | Train: 0.3405 0.0263 0.0598 | Test: 0.3484 0.026 0.0617 | Error: 0.03325 0.03219 0.00106
Epoch:    900 | Train: 0.3107 0.0243 0.055 | Test: 0.318 0.0244 0.0574 | Error: 0.02281 0.02039 0.00242
Epoch:    950 | Train: 0.3281 0.025 0.0582 | Test: 0.3383 0.025 0.0602 | Error: 0.02612 0.02528 0.00083
Epoch:  1,000 | Train: 0.3292 0.0262 0.0583 | Test: 0.3385 0.0254 0.0638 | Error: 0.03828 0.04203 -0.00375

====================================================================================================
PERF FORMAT: DATASET | Acuracy: ACC | Loss: LOSS1 LOSS2 LOSS3 | PS: PS
====================================================================================================
Train | Acuracy:  91.17% | Loss: 0.32915 0.02616 0.05829 | PS: 0.04203 
Val   | Acuracy:  90.55% | Loss: 0.36063 0.027 0.0679 | PS: 0.04169 
Test  | Acuracy:  91.15% | Loss: 0.33853 0.02542 0.06379 | PS: 0.03828 
----------------------------------------------------------------------------------------------------
Optimization error  : 0.04203
Population error    : 0.03828
Generalization error: -0.00375
