Namespace(batch_size=64, beta_moco=0.1, gamma_moco=0.1, gamma_modo=0.1, lr=1.0, moo_method='MoCo', num_epochs=1000, rho_moco=0.0, rho_modo=0.1, seed=9)

==================================================
Model parameter count per layer
==================================================
fc1.weight 	: 401408
fc1.bias 	: 512
fc2.weight 	: 5120
fc2.bias 	: 10
Total number of parametrs : 407050
--------------------------------------------------

====================================================================================================
LOG FORMAT: Epoch: EPOCH | Train: LOSS1 LOSS2 LOSS3 | Test: LOSS1 LOSS2 LOSS3 | Error: POP OPT GEN
====================================================================================================
Epoch:      0 | Train: 2.3789 0.181 0.9549 | Test: 2.3839 0.1811 0.9595 | Error: 0.03093 0.03027 0.00066
Epoch:     50 | Train: 0.4649 0.0385 0.0874 | Test: 0.4594 0.0379 0.087 | Error: 0.05508 0.05345 0.00163
Epoch:    100 | Train: 0.4166 0.0351 0.0754 | Test: 0.3984 0.0334 0.0738 | Error: 0.0514 0.05256 -0.00116
Epoch:    150 | Train: 0.374 0.0324 0.0667 | Test: 0.369 0.0316 0.0666 | Error: 0.05005 0.04535 0.0047
Epoch:    200 | Train: 0.3639 0.0319 0.0633 | Test: 0.354 0.0309 0.0621 | Error: 0.0414 0.03853 0.00287
Epoch:    250 | Train: 0.3629 0.0316 0.0636 | Test: 0.3547 0.0304 0.0632 | Error: 0.03872 0.04108 -0.00236
Epoch:    300 | Train: 0.3401 0.0306 0.0577 | Test: 0.3393 0.0297 0.0585 | Error: 0.03817 0.03695 0.00122
Epoch:    350 | Train: 0.3268 0.0292 0.0561 | Test: 0.3253 0.0285 0.0567 | Error: 0.03153 0.02896 0.00258
Epoch:    400 | Train: 0.3325 0.0288 0.0573 | Test: 0.3364 0.0282 0.0598 | Error: 0.03186 0.02852 0.00334
Epoch:    450 | Train: 0.3234 0.0278 0.0561 | Test: 0.326 0.027 0.0587 | Error: 0.02521 0.02509 0.00012
Epoch:    500 | Train: 0.3212 0.0276 0.0558 | Test: 0.3237 0.0267 0.0586 | Error: 0.02995 0.0294 0.00055
Epoch:    550 | Train: 0.3191 0.0273 0.0553 | Test: 0.3136 0.0263 0.0551 | Error: 0.02336 0.02039 0.00297
Epoch:    600 | Train: 0.324 0.0269 0.0568 | Test: 0.327 0.0263 0.0586 | Error: 0.0242 0.02427 -7e-05
Epoch:    650 | Train: 0.3185 0.0264 0.0563 | Test: 0.3141 0.0256 0.0556 | Error: 0.0272 0.02621 0.00098
Epoch:    700 | Train: 0.3249 0.0273 0.056 | Test: 0.3256 0.0264 0.0575 | Error: 0.03093 0.02945 0.00147
Epoch:    750 | Train: 0.3227 0.0265 0.0563 | Test: 0.3208 0.0257 0.0576 | Error: 0.03056 0.02976 0.0008
Epoch:    800 | Train: 0.3293 0.0268 0.0561 | Test: 0.3263 0.026 0.0571 | Error: 0.03835 0.03754 0.00081
Epoch:    850 | Train: 0.318 0.0253 0.056 | Test: 0.315 0.0242 0.0569 | Error: 0.02431 0.02684 -0.00252
Epoch:    900 | Train: 0.3207 0.0252 0.0571 | Test: 0.3207 0.0249 0.0598 | Error: 0.03052 0.02746 0.00306
Epoch:    950 | Train: 0.3168 0.0245 0.0562 | Test: 0.3231 0.0242 0.06 | Error: 0.02909 0.02679 0.0023
Epoch:  1,000 | Train: 0.3131 0.0242 0.0557 | Test: 0.3108 0.0234 0.0576 | Error: 0.02011 0.02028 -0.00018

====================================================================================================
PERF FORMAT: DATASET | Acuracy: ACC | Loss: LOSS1 LOSS2 LOSS3 | PS: PS
====================================================================================================
Train | Acuracy:  91.37% | Loss: 0.31307 0.02423 0.0557 | PS: 0.02028 
Val   | Acuracy:  90.82% | Loss: 0.3416 0.02501 0.06434 | PS: 0.02054 
Test  | Acuracy:  91.50% | Loss: 0.31076 0.0234 0.05765 | PS: 0.02011 
----------------------------------------------------------------------------------------------------
Optimization error  : 0.02028
Population error    : 0.02011
Generalization error: -0.00018
