Namespace(batch_size=64, beta_moco=0.1, gamma_moco=0.1, gamma_modo=0.1, lr=1.0, moo_method='MoCo', num_epochs=1000, rho_moco=0.0, rho_modo=0.1, seed=4)

==================================================
Model parameter count per layer
==================================================
fc1.weight 	: 401408
fc1.bias 	: 512
fc2.weight 	: 5120
fc2.bias 	: 10
Total number of parametrs : 407050
--------------------------------------------------

====================================================================================================
LOG FORMAT: Epoch: EPOCH | Train: LOSS1 LOSS2 LOSS3 | Test: LOSS1 LOSS2 LOSS3 | Error: POP OPT GEN
====================================================================================================
Epoch:      0 | Train: 2.3068 0.1796 0.8833 | Test: 2.3125 0.1797 0.889 | Error: 0.03209 0.03157 0.00052
Epoch:     50 | Train: 0.4971 0.0393 0.0946 | Test: 0.4838 0.0379 0.0926 | Error: 0.06656 0.06659 -3e-05
Epoch:    100 | Train: 0.382 0.0329 0.0692 | Test: 0.3714 0.0319 0.0683 | Error: 0.04061 0.04051 0.0001
Epoch:    150 | Train: 0.3771 0.0316 0.0697 | Test: 0.3661 0.0301 0.068 | Error: 0.03907 0.0436 -0.00453
Epoch:    200 | Train: 0.3422 0.03 0.0609 | Test: 0.3444 0.0295 0.0625 | Error: 0.03382 0.03122 0.0026
Epoch:    250 | Train: 0.3395 0.0294 0.061 | Test: 0.3367 0.0286 0.061 | Error: 0.03583 0.03601 -0.00018
Epoch:    300 | Train: 0.3509 0.0302 0.0621 | Test: 0.3519 0.0299 0.0635 | Error: 0.0479 0.04544 0.00246
Epoch:    350 | Train: 0.3256 0.0279 0.0578 | Test: 0.3193 0.027 0.0569 | Error: 0.02455 0.02516 -0.0006
Epoch:    400 | Train: 0.3186 0.0275 0.0564 | Test: 0.319 0.0268 0.0583 | Error: 0.0178 0.01737 0.00043
Epoch:    450 | Train: 0.3263 0.0287 0.057 | Test: 0.3246 0.0281 0.0581 | Error: 0.03409 0.0342 -0.00011
Epoch:    500 | Train: 0.3294 0.0286 0.0565 | Test: 0.3254 0.0281 0.0568 | Error: 0.03297 0.03195 0.00103
Epoch:    550 | Train: 0.3329 0.0278 0.0587 | Test: 0.3468 0.028 0.0643 | Error: 0.04367 0.03713 0.00654
Epoch:    600 | Train: 0.3372 0.0277 0.0588 | Test: 0.3344 0.0272 0.0584 | Error: 0.03132 0.03006 0.00126
Epoch:    650 | Train: 0.3157 0.0263 0.0556 | Test: 0.314 0.0256 0.0577 | Error: 0.02425 0.02209 0.00215
Epoch:    700 | Train: 0.3275 0.0263 0.0578 | Test: 0.3306 0.0258 0.0606 | Error: 0.03485 0.03279 0.00206
Epoch:    750 | Train: 0.3187 0.0257 0.0563 | Test: 0.3234 0.0251 0.0597 | Error: 0.02873 0.02859 0.00014
Epoch:    800 | Train: 0.3141 0.0252 0.0549 | Test: 0.3214 0.025 0.0583 | Error: 0.0249 0.02114 0.00376
Epoch:    850 | Train: 0.3131 0.0245 0.0564 | Test: 0.322 0.0242 0.0609 | Error: 0.02298 0.02308 -0.00011
Epoch:    900 | Train: 0.3273 0.0256 0.0577 | Test: 0.3405 0.0258 0.0612 | Error: 0.03331 0.0324 0.00091
Epoch:    950 | Train: 0.3185 0.0244 0.0569 | Test: 0.33 0.0245 0.0613 | Error: 0.02574 0.02444 0.00131
Epoch:  1,000 | Train: 0.3106 0.0249 0.0549 | Test: 0.3192 0.0246 0.0591 | Error: 0.02933 0.03211 -0.00278

====================================================================================================
PERF FORMAT: DATASET | Acuracy: ACC | Loss: LOSS1 LOSS2 LOSS3 | PS: PS
====================================================================================================
Train | Acuracy:  91.42% | Loss: 0.31058 0.02491 0.05489 | PS: 0.03211 
Val   | Acuracy:  90.57% | Loss: 0.34358 0.02634 0.06276 | PS: 0.03063 
Test  | Acuracy:  91.24% | Loss: 0.31919 0.02461 0.05909 | PS: 0.02933 
----------------------------------------------------------------------------------------------------
Optimization error  : 0.03211
Population error    : 0.02933
Generalization error: -0.00278
