Namespace(batch_size=64, beta_moco=0.1, gamma_moco=0.1, gamma_modo=0.1, lr=1.0, moo_method='MoCo', num_epochs=1000, rho_moco=0.0, rho_modo=0.1, seed=5)

==================================================
Model parameter count per layer
==================================================
fc1.weight 	: 401408
fc1.bias 	: 512
fc2.weight 	: 5120
fc2.bias 	: 10
Total number of parametrs : 407050
--------------------------------------------------

====================================================================================================
LOG FORMAT: Epoch: EPOCH | Train: LOSS1 LOSS2 LOSS3 | Test: LOSS1 LOSS2 LOSS3 | Error: POP OPT GEN
====================================================================================================
Epoch:      0 | Train: 2.3112 0.1799 0.8888 | Test: 2.3147 0.1799 0.8916 | Error: 0.03278 0.03197 0.00081
Epoch:     50 | Train: 0.4443 0.0357 0.087 | Test: 0.4185 0.0336 0.0822 | Error: 0.03769 0.0361 0.00159
Epoch:    100 | Train: 0.3809 0.0313 0.0728 | Test: 0.3619 0.0295 0.0705 | Error: 0.02913 0.02787 0.00126
Epoch:    150 | Train: 0.3591 0.03 0.0655 | Test: 0.3476 0.0291 0.0642 | Error: 0.02573 0.0257 3e-05
Epoch:    200 | Train: 0.343 0.0297 0.061 | Test: 0.336 0.0291 0.0598 | Error: 0.03008 0.02852 0.00156
Epoch:    250 | Train: 0.355 0.0297 0.0631 | Test: 0.3558 0.0294 0.0637 | Error: 0.03042 0.02951 0.00091
Epoch:    300 | Train: 0.327 0.0283 0.057 | Test: 0.3256 0.0275 0.059 | Error: 0.02535 0.02424 0.0011
Epoch:    350 | Train: 0.3424 0.0285 0.0611 | Test: 0.3396 0.0279 0.0627 | Error: 0.03764 0.03704 0.0006
Epoch:    400 | Train: 0.3196 0.0266 0.0572 | Test: 0.3182 0.0259 0.0588 | Error: 0.02078 0.01877 0.00202
Epoch:    450 | Train: 0.3298 0.0277 0.0583 | Test: 0.3287 0.027 0.06 | Error: 0.02767 0.02663 0.00104
Epoch:    500 | Train: 0.317 0.0272 0.0554 | Test: 0.3168 0.0267 0.0564 | Error: 0.02536 0.0231 0.00226
Epoch:    550 | Train: 0.3438 0.0286 0.0601 | Test: 0.3351 0.0272 0.0599 | Error: 0.03643 0.0398 -0.00337
Epoch:    600 | Train: 0.3263 0.0273 0.0565 | Test: 0.3324 0.0268 0.0615 | Error: 0.03569 0.03748 -0.0018
Epoch:    650 | Train: 0.3309 0.0281 0.0568 | Test: 0.3245 0.0273 0.0575 | Error: 0.04334 0.04321 0.00013
Epoch:    700 | Train: 0.3129 0.0259 0.0548 | Test: 0.3101 0.0253 0.0552 | Error: 0.02361 0.02286 0.00075
Epoch:    750 | Train: 0.3199 0.0256 0.0575 | Test: 0.3141 0.0248 0.058 | Error: 0.02722 0.02859 -0.00137
Epoch:    800 | Train: 0.3097 0.0258 0.0531 | Test: 0.3037 0.0252 0.0531 | Error: 0.02098 0.01924 0.00174
Epoch:    850 | Train: 0.3282 0.0269 0.0571 | Test: 0.3355 0.0269 0.0621 | Error: 0.03588 0.03354 0.00234
Epoch:    900 | Train: 0.3106 0.0251 0.0543 | Test: 0.314 0.0248 0.0576 | Error: 0.02424 0.02058 0.00366
Epoch:    950 | Train: 0.3149 0.0251 0.055 | Test: 0.311 0.0244 0.0566 | Error: 0.02921 0.02965 -0.00044
Epoch:  1,000 | Train: 0.3134 0.0254 0.0547 | Test: 0.312 0.0249 0.0569 | Error: 0.02657 0.02665 -8e-05

====================================================================================================
PERF FORMAT: DATASET | Acuracy: ACC | Loss: LOSS1 LOSS2 LOSS3 | PS: PS
====================================================================================================
Train | Acuracy:  91.33% | Loss: 0.31342 0.02542 0.0547 | PS: 0.02665 
Val   | Acuracy:  90.45% | Loss: 0.35448 0.02715 0.06716 | PS: 0.02801 
Test  | Acuracy:  91.36% | Loss: 0.31201 0.0249 0.05689 | PS: 0.02657 
----------------------------------------------------------------------------------------------------
Optimization error  : 0.02665
Population error    : 0.02657
Generalization error: -8e-05
