Namespace(batch_size=64, beta_moco=0.1, gamma_moco=0.1, gamma_modo=0.1, lr=1.0, moo_method='MoCo', num_epochs=1000, rho_moco=0.0, rho_modo=0.1, seed=1)

==================================================
Model parameter count per layer
==================================================
fc1.weight 	: 401408
fc1.bias 	: 512
fc2.weight 	: 5120
fc2.bias 	: 10
Total number of parametrs : 407050
--------------------------------------------------

====================================================================================================
LOG FORMAT: Epoch: EPOCH | Train: LOSS1 LOSS2 LOSS3 | Test: LOSS1 LOSS2 LOSS3 | Error: POP OPT GEN
====================================================================================================
Epoch:      0 | Train: 2.3577 0.1807 0.9341 | Test: 2.3601 0.1808 0.936 | Error: 0.03083 0.02994 0.00089
Epoch:     50 | Train: 0.4491 0.0359 0.0873 | Test: 0.4196 0.0343 0.0802 | Error: 0.04535 0.04482 0.00053
Epoch:    100 | Train: 0.3904 0.0324 0.0726 | Test: 0.376 0.0315 0.0699 | Error: 0.03905 0.03414 0.00491
Epoch:    150 | Train: 0.3857 0.0321 0.071 | Test: 0.3675 0.031 0.0658 | Error: 0.03958 0.03685 0.00273
Epoch:    200 | Train: 0.362 0.0307 0.064 | Test: 0.3524 0.0297 0.0629 | Error: 0.03738 0.03767 -0.00029
Epoch:    250 | Train: 0.3472 0.0302 0.0614 | Test: 0.3435 0.0294 0.0619 | Error: 0.03307 0.03136 0.00172
Epoch:    300 | Train: 0.338 0.0287 0.0604 | Test: 0.3257 0.0278 0.0584 | Error: 0.02384 0.02196 0.00188
Epoch:    350 | Train: 0.3318 0.0287 0.0577 | Test: 0.3303 0.0281 0.0592 | Error: 0.02686 0.02645 0.00041
Epoch:    400 | Train: 0.338 0.0283 0.06 | Test: 0.3259 0.0272 0.0579 | Error: 0.03125 0.03282 -0.00157
Epoch:    450 | Train: 0.3427 0.028 0.0609 | Test: 0.3395 0.0272 0.0616 | Error: 0.02993 0.02996 -3e-05
Epoch:    500 | Train: 0.3297 0.0268 0.0592 | Test: 0.3283 0.0262 0.0607 | Error: 0.02781 0.0267 0.00111
Epoch:    550 | Train: 0.3347 0.0266 0.0598 | Test: 0.3343 0.0264 0.0614 | Error: 0.03405 0.03113 0.00292
Epoch:    600 | Train: 0.333 0.027 0.0589 | Test: 0.3275 0.0263 0.0583 | Error: 0.03007 0.033 -0.00293
Epoch:    650 | Train: 0.3203 0.0257 0.0577 | Test: 0.32 0.0252 0.0588 | Error: 0.02245 0.02068 0.00177
Epoch:    700 | Train: 0.3178 0.0256 0.0571 | Test: 0.3123 0.0245 0.0574 | Error: 0.02324 0.02464 -0.0014
Epoch:    750 | Train: 0.333 0.0273 0.059 | Test: 0.3325 0.0265 0.0609 | Error: 0.03657 0.03689 -0.00031
Epoch:    800 | Train: 0.315 0.0255 0.0565 | Test: 0.3162 0.0249 0.0588 | Error: 0.02255 0.02155 0.001
Epoch:    850 | Train: 0.3232 0.0262 0.0557 | Test: 0.3198 0.0253 0.0568 | Error: 0.03202 0.03533 -0.00331
Epoch:    900 | Train: 0.3137 0.0258 0.0545 | Test: 0.3091 0.0251 0.0554 | Error: 0.03019 0.02785 0.00234
Epoch:    950 | Train: 0.3216 0.0248 0.0576 | Test: 0.3245 0.024 0.06 | Error: 0.02054 0.02125 -0.00071
Epoch:  1,000 | Train: 0.3206 0.0249 0.0573 | Test: 0.3205 0.0245 0.0584 | Error: 0.02767 0.02568 0.00199

====================================================================================================
PERF FORMAT: DATASET | Acuracy: ACC | Loss: LOSS1 LOSS2 LOSS3 | PS: PS
====================================================================================================
Train | Acuracy:  91.37% | Loss: 0.32059 0.0249 0.05732 | PS: 0.02568 
Val   | Acuracy:  91.07% | Loss: 0.33276 0.02556 0.06065 | PS: 0.02611 
Test  | Acuracy:  91.46% | Loss: 0.32054 0.0245 0.0584 | PS: 0.02767 
----------------------------------------------------------------------------------------------------
Optimization error  : 0.02568
Population error    : 0.02767
Generalization error: 0.00199
