Namespace(batch_size=64, beta_moco=0.1, gamma_moco=0.1, gamma_modo=0.1, lr=1.0, moo_method='MoCo', num_epochs=1000, rho_moco=0.0, rho_modo=0.1, seed=6)

==================================================
Model parameter count per layer
==================================================
fc1.weight 	: 401408
fc1.bias 	: 512
fc2.weight 	: 5120
fc2.bias 	: 10
Total number of parametrs : 407050
--------------------------------------------------

====================================================================================================
LOG FORMAT: Epoch: EPOCH | Train: LOSS1 LOSS2 LOSS3 | Test: LOSS1 LOSS2 LOSS3 | Error: POP OPT GEN
====================================================================================================
Epoch:      0 | Train: 2.3525 0.1806 0.931 | Test: 2.355 0.1807 0.9331 | Error: 0.03221 0.03153 0.00068
Epoch:     50 | Train: 0.4937 0.0392 0.0957 | Test: 0.4682 0.0384 0.0888 | Error: 0.08036 0.07692 0.00344
Epoch:    100 | Train: 0.4411 0.0357 0.0832 | Test: 0.4273 0.0348 0.0792 | Error: 0.06045 0.0582 0.00225
Epoch:    150 | Train: 0.4019 0.0355 0.0716 | Test: 0.3897 0.0335 0.0715 | Error: 0.05528 0.05848 -0.0032
Epoch:    200 | Train: 0.354 0.0305 0.0629 | Test: 0.3473 0.0294 0.0632 | Error: 0.03324 0.03447 -0.00123
Epoch:    250 | Train: 0.3472 0.0304 0.0602 | Test: 0.3393 0.0295 0.06 | Error: 0.02806 0.02478 0.00328
Epoch:    300 | Train: 0.3444 0.0294 0.0605 | Test: 0.341 0.0288 0.0604 | Error: 0.03466 0.03344 0.00121
Epoch:    350 | Train: 0.3503 0.0306 0.0606 | Test: 0.3437 0.0295 0.0609 | Error: 0.04216 0.04278 -0.00062
Epoch:    400 | Train: 0.3299 0.0279 0.0577 | Test: 0.3208 0.0269 0.0571 | Error: 0.01941 0.02191 -0.00249
Epoch:    450 | Train: 0.3339 0.0279 0.0586 | Test: 0.3306 0.0274 0.0588 | Error: 0.03793 0.0357 0.00223
Epoch:    500 | Train: 0.3543 0.0287 0.0622 | Test: 0.3496 0.028 0.063 | Error: 0.03336 0.03358 -0.00021
Epoch:    550 | Train: 0.3223 0.0263 0.0564 | Test: 0.3187 0.0261 0.0567 | Error: 0.01988 0.01773 0.00215
Epoch:    600 | Train: 0.3308 0.0267 0.058 | Test: 0.3293 0.0263 0.0581 | Error: 0.03527 0.0346 0.00067
Epoch:    650 | Train: 0.3242 0.0268 0.0565 | Test: 0.318 0.0264 0.0566 | Error: 0.03284 0.03082 0.00202
Epoch:    700 | Train: 0.3512 0.0274 0.0618 | Test: 0.3563 0.0271 0.0648 | Error: 0.03212 0.03337 -0.00125
Epoch:    750 | Train: 0.315 0.0257 0.0548 | Test: 0.3202 0.0254 0.0588 | Error: 0.02491 0.02502 -0.00011
Epoch:    800 | Train: 0.3112 0.0253 0.0542 | Test: 0.3164 0.0252 0.0573 | Error: 0.02694 0.02201 0.00493
Epoch:    850 | Train: 0.3041 0.0246 0.0533 | Test: 0.3016 0.0242 0.0546 | Error: 0.01721 0.01576 0.00145
Epoch:    900 | Train: 0.3235 0.0255 0.0559 | Test: 0.3237 0.0248 0.0583 | Error: 0.03205 0.03271 -0.00066
Epoch:    950 | Train: 0.3161 0.0249 0.0549 | Test: 0.3155 0.0246 0.0559 | Error: 0.02715 0.02629 0.00086
Epoch:  1,000 | Train: 0.3198 0.0259 0.0552 | Test: 0.3169 0.0256 0.0566 | Error: 0.03599 0.03375 0.00224

====================================================================================================
PERF FORMAT: DATASET | Acuracy: ACC | Loss: LOSS1 LOSS2 LOSS3 | PS: PS
====================================================================================================
Train | Acuracy:  90.83% | Loss: 0.31979 0.02592 0.05518 | PS: 0.03375 
Val   | Acuracy:  90.28% | Loss: 0.33639 0.02704 0.06118 | PS: 0.03346 
Test  | Acuracy:  90.75% | Loss: 0.31686 0.02559 0.05659 | PS: 0.03599 
----------------------------------------------------------------------------------------------------
Optimization error  : 0.03375
Population error    : 0.03599
Generalization error: 0.00224
