Namespace(batch_size=64, beta_moco=0.1, gamma_moco=0.1, gamma_modo=0.1, lr=1.0, moo_method='MoCo', num_epochs=1000, rho_moco=0.0, rho_modo=0.1, seed=8)

==================================================
Model parameter count per layer
==================================================
fc1.weight 	: 401408
fc1.bias 	: 512
fc2.weight 	: 5120
fc2.bias 	: 10
Total number of parametrs : 407050
--------------------------------------------------

====================================================================================================
LOG FORMAT: Epoch: EPOCH | Train: LOSS1 LOSS2 LOSS3 | Test: LOSS1 LOSS2 LOSS3 | Error: POP OPT GEN
====================================================================================================
Epoch:      0 | Train: 2.3556 0.1806 0.9304 | Test: 2.3569 0.1807 0.9314 | Error: 0.03079 0.03001 0.00078
Epoch:     50 | Train: 0.464 0.0368 0.088 | Test: 0.4413 0.0357 0.082 | Error: 0.04529 0.04425 0.00104
Epoch:    100 | Train: 0.3907 0.0319 0.073 | Test: 0.385 0.0313 0.0742 | Error: 0.05375 0.05059 0.00316
Epoch:    150 | Train: 0.4271 0.035 0.0777 | Test: 0.4285 0.0345 0.0785 | Error: 0.06419 0.06097 0.00322
Epoch:    200 | Train: 0.3404 0.0294 0.0621 | Test: 0.3337 0.0285 0.0613 | Error: 0.02639 0.02496 0.00143
Epoch:    250 | Train: 0.3416 0.0299 0.0592 | Test: 0.337 0.0289 0.0593 | Error: 0.03277 0.03251 0.00026
Epoch:    300 | Train: 0.3316 0.0284 0.059 | Test: 0.3322 0.0275 0.0625 | Error: 0.02744 0.02752 -8e-05
Epoch:    350 | Train: 0.3346 0.0274 0.06 | Test: 0.3316 0.0266 0.0607 | Error: 0.02265 0.02121 0.00144
Epoch:    400 | Train: 0.3467 0.0286 0.0621 | Test: 0.3476 0.0281 0.0646 | Error: 0.04184 0.0419 -7e-05
Epoch:    450 | Train: 0.3395 0.0278 0.0598 | Test: 0.3397 0.027 0.0615 | Error: 0.03101 0.03144 -0.00042
Epoch:    500 | Train: 0.3304 0.0267 0.0593 | Test: 0.3342 0.0264 0.0615 | Error: 0.03055 0.02879 0.00176
Epoch:    550 | Train: 0.3261 0.0262 0.0585 | Test: 0.3301 0.0255 0.0612 | Error: 0.02449 0.02481 -0.00032
Epoch:    600 | Train: 0.3217 0.0268 0.0575 | Test: 0.3375 0.0267 0.0641 | Error: 0.02592 0.0241 0.00182
Epoch:    650 | Train: 0.3255 0.027 0.0573 | Test: 0.3355 0.027 0.061 | Error: 0.03493 0.03265 0.00228
Epoch:    700 | Train: 0.3263 0.0265 0.0562 | Test: 0.3282 0.0264 0.0565 | Error: 0.03722 0.0368 0.00042
Epoch:    750 | Train: 0.3167 0.0249 0.0557 | Test: 0.3228 0.025 0.0583 | Error: 0.02894 0.02645 0.00249
Epoch:    800 | Train: 0.3184 0.0259 0.0549 | Test: 0.3232 0.0257 0.0578 | Error: 0.03388 0.03221 0.00166
Epoch:    850 | Train: 0.3227 0.0252 0.0566 | Test: 0.3286 0.0253 0.0595 | Error: 0.03228 0.03025 0.00203
Epoch:    900 | Train: 0.3128 0.0256 0.0547 | Test: 0.3054 0.0249 0.054 | Error: 0.03136 0.03256 -0.0012
Epoch:    950 | Train: 0.3196 0.0258 0.056 | Test: 0.3179 0.0252 0.0579 | Error: 0.0309 0.03307 -0.00217
Epoch:  1,000 | Train: 0.3056 0.0244 0.0541 | Test: 0.3079 0.0243 0.0565 | Error: 0.02366 0.02068 0.00299

====================================================================================================
PERF FORMAT: DATASET | Acuracy: ACC | Loss: LOSS1 LOSS2 LOSS3 | PS: PS
====================================================================================================
Train | Acuracy:  91.60% | Loss: 0.30562 0.0244 0.05409 | PS: 0.02068 
Val   | Acuracy:  90.82% | Loss: 0.34908 0.02575 0.06681 | PS: 0.02069 
Test  | Acuracy:  91.35% | Loss: 0.3079 0.02427 0.05646 | PS: 0.02366 
----------------------------------------------------------------------------------------------------
Optimization error  : 0.02068
Population error    : 0.02366
Generalization error: 0.00299
