Namespace(batch_size=64, beta_moco=0.1, gamma_moco=0.1, gamma_modo=0.1, lr=1.0, moo_method='MoCo', num_epochs=1000, rho_moco=0.0, rho_modo=0.1, seed=3)

==================================================
Model parameter count per layer
==================================================
fc1.weight 	: 401408
fc1.bias 	: 512
fc2.weight 	: 5120
fc2.bias 	: 10
Total number of parametrs : 407050
--------------------------------------------------

====================================================================================================
LOG FORMAT: Epoch: EPOCH | Train: LOSS1 LOSS2 LOSS3 | Test: LOSS1 LOSS2 LOSS3 | Error: POP OPT GEN
====================================================================================================
Epoch:      0 | Train: 2.3215 0.1797 0.8909 | Test: 2.3254 0.1798 0.8934 | Error: 0.03451 0.03394 0.00057
Epoch:     50 | Train: 0.4697 0.0355 0.0918 | Test: 0.4494 0.0346 0.0862 | Error: 0.04163 0.04221 -0.00058
Epoch:    100 | Train: 0.4259 0.0339 0.0823 | Test: 0.4062 0.0322 0.0783 | Error: 0.04117 0.043 -0.00183
Epoch:    150 | Train: 0.3542 0.0301 0.0638 | Test: 0.3414 0.0289 0.0624 | Error: 0.03057 0.02879 0.00178
Epoch:    200 | Train: 0.3501 0.0294 0.0631 | Test: 0.3525 0.029 0.0644 | Error: 0.02642 0.02238 0.00404
Epoch:    250 | Train: 0.3375 0.0292 0.0593 | Test: 0.3347 0.0284 0.0604 | Error: 0.02555 0.02539 0.00016
Epoch:    300 | Train: 0.343 0.0283 0.0615 | Test: 0.3352 0.0275 0.0606 | Error: 0.03049 0.02836 0.00214
Epoch:    350 | Train: 0.3447 0.0299 0.0601 | Test: 0.3351 0.0289 0.0592 | Error: 0.04505 0.04613 -0.00108
Epoch:    400 | Train: 0.336 0.0293 0.058 | Test: 0.3291 0.0283 0.0588 | Error: 0.03963 0.04097 -0.00134
Epoch:    450 | Train: 0.3296 0.0279 0.0577 | Test: 0.3242 0.0274 0.057 | Error: 0.03387 0.03139 0.00248
Epoch:    500 | Train: 0.34 0.0282 0.0594 | Test: 0.3361 0.0275 0.0591 | Error: 0.03509 0.03485 0.00025
Epoch:    550 | Train: 0.3268 0.027 0.0571 | Test: 0.3201 0.0264 0.0573 | Error: 0.0345 0.03129 0.00321
Epoch:    600 | Train: 0.327 0.0264 0.0578 | Test: 0.3196 0.0256 0.0579 | Error: 0.0253 0.02213 0.00317
Epoch:    650 | Train: 0.3241 0.0266 0.0568 | Test: 0.3202 0.0259 0.0589 | Error: 0.02262 0.02302 -0.0004
Epoch:    700 | Train: 0.3175 0.0262 0.0552 | Test: 0.3173 0.0257 0.0568 | Error: 0.0192 0.02216 -0.00296
Epoch:    750 | Train: 0.3232 0.026 0.0564 | Test: 0.3169 0.0255 0.0562 | Error: 0.03016 0.03057 -0.00041
Epoch:    800 | Train: 0.3217 0.0263 0.0564 | Test: 0.3248 0.0259 0.0599 | Error: 0.03645 0.0342 0.00225
Epoch:    850 | Train: 0.3157 0.0255 0.0548 | Test: 0.3165 0.0248 0.0575 | Error: 0.0227 0.02643 -0.00373
Epoch:    900 | Train: 0.3181 0.026 0.0545 | Test: 0.3121 0.0252 0.0547 | Error: 0.03657 0.03753 -0.00096
Epoch:    950 | Train: 0.3115 0.0248 0.0543 | Test: 0.3099 0.0245 0.0542 | Error: 0.02359 0.02037 0.00322
Epoch:  1,000 | Train: 0.3086 0.0242 0.0547 | Test: 0.31 0.024 0.0561 | Error: 0.02405 0.02038 0.00368

====================================================================================================
PERF FORMAT: DATASET | Acuracy: ACC | Loss: LOSS1 LOSS2 LOSS3 | PS: PS
====================================================================================================
Train | Acuracy:  91.57% | Loss: 0.30864 0.02421 0.05473 | PS: 0.02038 
Val   | Acuracy:  90.46% | Loss: 0.33838 0.026 0.06027 | PS: 0.0213 
Test  | Acuracy:  91.41% | Loss: 0.31002 0.02401 0.05614 | PS: 0.02405 
----------------------------------------------------------------------------------------------------
Optimization error  : 0.02038
Population error    : 0.02405
Generalization error: 0.00368
