Namespace(batch_size=64, beta_moco=0.1, gamma_moco=0.1, gamma_modo=1.0, lr=1.0, moo_method='MoDo', num_epochs=1000, rho_moco=0.1, rho_modo=0.0, seed=7)

==================================================
Model parameter count per layer
==================================================
fc1.weight 	: 401408
fc1.bias 	: 512
fc2.weight 	: 5120
fc2.bias 	: 10
Total number of parametrs : 407050
--------------------------------------------------

====================================================================================================
LOG FORMAT: Epoch: EPOCH | Train: LOSS1 LOSS2 LOSS3 | Test: LOSS1 LOSS2 LOSS3 | Error: POP OPT GEN
====================================================================================================
Epoch:      0 | Train: 2.3352 0.18 0.9057 | Test: 2.3277 0.1799 0.8983 | Error: 0.03277 0.03159 0.00118
Epoch:     50 | Train: 0.8649 0.0742 0.1889 | Test: 0.8385 0.0724 0.1801 | Error: 0.03608 0.0363 -0.00021
Epoch:    100 | Train: 0.4843 0.0436 0.0973 | Test: 0.4559 0.0419 0.0892 | Error: 0.0365 0.0306 0.00591
Epoch:    150 | Train: 0.427 0.0347 0.0876 | Test: 0.4006 0.0329 0.081 | Error: 0.02852 0.02685 0.00167
Epoch:    200 | Train: 0.4308 0.0317 0.0942 | Test: 0.3986 0.0299 0.0857 | Error: 0.03856 0.03688 0.00168
Epoch:    250 | Train: 0.4209 0.0286 0.0923 | Test: 0.3901 0.0269 0.0836 | Error: 0.02118 0.01907 0.0021
Epoch:    300 | Train: 0.399 0.0278 0.0851 | Test: 0.3657 0.0264 0.0773 | Error: 0.02341 0.02168 0.00173
Epoch:    350 | Train: 0.4071 0.0267 0.0874 | Test: 0.376 0.0253 0.0797 | Error: 0.02516 0.02679 -0.00163
Epoch:    400 | Train: 0.3954 0.025 0.0856 | Test: 0.3667 0.0236 0.0798 | Error: 0.01793 0.01824 -0.00031
Epoch:    450 | Train: 0.3945 0.0248 0.0851 | Test: 0.3655 0.0232 0.0809 | Error: 0.01552 0.01608 -0.00056
Epoch:    500 | Train: 0.3735 0.0239 0.0788 | Test: 0.352 0.0227 0.0757 | Error: 0.01478 0.01273 0.00205
Epoch:    550 | Train: 0.3786 0.0233 0.0799 | Test: 0.3608 0.0222 0.0774 | Error: 0.0213 0.01769 0.0036
Epoch:    600 | Train: 0.4114 0.0251 0.0875 | Test: 0.3878 0.0241 0.0821 | Error: 0.04121 0.04112 9e-05
Epoch:    650 | Train: 0.3798 0.0227 0.0815 | Test: 0.362 0.0214 0.0795 | Error: 0.01938 0.02083 -0.00145
Epoch:    700 | Train: 0.3832 0.0226 0.0818 | Test: 0.3674 0.0216 0.0802 | Error: 0.0274 0.02717 0.00023
Epoch:    750 | Train: 0.4308 0.0242 0.093 | Test: 0.4138 0.0235 0.0909 | Error: 0.04442 0.04158 0.00284
Epoch:    800 | Train: 0.3923 0.0218 0.084 | Test: 0.3735 0.0207 0.0803 | Error: 0.02045 0.02273 -0.00227
Epoch:    850 | Train: 0.3798 0.0213 0.0806 | Test: 0.3698 0.0207 0.0793 | Error: 0.01755 0.01483 0.00272
Epoch:    900 | Train: 0.3766 0.0211 0.0807 | Test: 0.3682 0.0207 0.0794 | Error: 0.01951 0.01547 0.00404
Epoch:    950 | Train: 0.3802 0.0222 0.08 | Test: 0.3677 0.0212 0.0782 | Error: 0.02325 0.02256 0.0007
Epoch:  1,000 | Train: 0.3674 0.0211 0.0766 | Test: 0.3599 0.0207 0.0768 | Error: 0.02176 0.01991 0.00185

====================================================================================================
PERF FORMAT: DATASET | Acuracy: ACC | Loss: LOSS1 LOSS2 LOSS3 | PS: PS
====================================================================================================
Train | Acuracy:  91.56% | Loss: 0.3674 0.02114 0.07664 | PS: 0.01991 
Val   | Acuracy:  91.11% | Loss: 0.38304 0.02197 0.07987 | PS: 0.02391 
Test  | Acuracy:  91.63% | Loss: 0.3599 0.02068 0.07676 | PS: 0.02176 
----------------------------------------------------------------------------------------------------
Optimization error  : 0.01991
Population error    : 0.02176
Generalization error: 0.00185
