Namespace(batch_size=64, beta_moco=0.1, gamma_moco=0.1, gamma_modo=1.0, lr=1.0, moo_method='MoDo', num_epochs=1000, rho_moco=0.1, rho_modo=0.0, seed=2)

==================================================
Model parameter count per layer
==================================================
fc1.weight 	: 401408
fc1.bias 	: 512
fc2.weight 	: 5120
fc2.bias 	: 10
Total number of parametrs : 407050
--------------------------------------------------

====================================================================================================
LOG FORMAT: Epoch: EPOCH | Train: LOSS1 LOSS2 LOSS3 | Test: LOSS1 LOSS2 LOSS3 | Error: POP OPT GEN
====================================================================================================
Epoch:      0 | Train: 2.2838 0.1792 0.8559 | Test: 2.2852 0.1792 0.857 | Error: 0.03303 0.03223 0.00079
Epoch:     50 | Train: 0.7907 0.066 0.1914 | Test: 0.7671 0.0641 0.1865 | Error: 0.03441 0.03305 0.00136
Epoch:    100 | Train: 0.4781 0.0438 0.0925 | Test: 0.4479 0.0417 0.0852 | Error: 0.03582 0.03458 0.00124
Epoch:    150 | Train: 0.4358 0.0344 0.0907 | Test: 0.4088 0.0325 0.0848 | Error: 0.02512 0.02486 0.00026
Epoch:    200 | Train: 0.4113 0.0307 0.0855 | Test: 0.3864 0.0287 0.0813 | Error: 0.02546 0.02822 -0.00276
Epoch:    250 | Train: 0.4039 0.0292 0.0842 | Test: 0.3731 0.0274 0.0769 | Error: 0.03236 0.0314 0.00096
Epoch:    300 | Train: 0.4081 0.0283 0.0852 | Test: 0.3815 0.0267 0.0797 | Error: 0.03746 0.03686 0.00059
Epoch:    350 | Train: 0.3926 0.0258 0.0826 | Test: 0.3688 0.0243 0.079 | Error: 0.02403 0.02185 0.00218
Epoch:    400 | Train: 0.3938 0.0255 0.0844 | Test: 0.374 0.0244 0.0805 | Error: 0.02781 0.02664 0.00117
Epoch:    450 | Train: 0.3799 0.024 0.0819 | Test: 0.3622 0.0229 0.0777 | Error: 0.01701 0.0171 -9e-05
Epoch:    500 | Train: 0.3784 0.0239 0.0796 | Test: 0.3636 0.0229 0.0764 | Error: 0.02178 0.02282 -0.00105
Epoch:    550 | Train: 0.3821 0.0229 0.0815 | Test: 0.3648 0.0221 0.0784 | Error: 0.02091 0.01957 0.00135
Epoch:    600 | Train: 0.3845 0.0224 0.0814 | Test: 0.3656 0.0214 0.0785 | Error: 0.02169 0.02144 0.00024
Epoch:    650 | Train: 0.384 0.0222 0.0814 | Test: 0.3727 0.0214 0.0794 | Error: 0.02123 0.02005 0.00117
Epoch:    700 | Train: 0.3853 0.0217 0.0834 | Test: 0.3775 0.0211 0.082 | Error: 0.01654 0.0149 0.00165
Epoch:    750 | Train: 0.3918 0.0216 0.0841 | Test: 0.3781 0.0208 0.0811 | Error: 0.01582 0.01767 -0.00185
Epoch:    800 | Train: 0.3839 0.0212 0.0826 | Test: 0.3736 0.0209 0.0808 | Error: 0.01826 0.01827 -1e-05
Epoch:    850 | Train: 0.3911 0.0221 0.0838 | Test: 0.3801 0.0221 0.0812 | Error: 0.03335 0.02876 0.00459
Epoch:    900 | Train: 0.3752 0.0223 0.0779 | Test: 0.3751 0.022 0.0779 | Error: 0.02415 0.02287 0.00128
Epoch:    950 | Train: 0.3608 0.021 0.0758 | Test: 0.3472 0.0204 0.0721 | Error: 0.01413 0.01354 0.00059
Epoch:  1,000 | Train: 0.3812 0.0217 0.0809 | Test: 0.3764 0.0213 0.0802 | Error: 0.02797 0.02806 -8e-05

====================================================================================================
PERF FORMAT: DATASET | Acuracy: ACC | Loss: LOSS1 LOSS2 LOSS3 | PS: PS
====================================================================================================
Train | Acuracy:  91.22% | Loss: 0.38118 0.02165 0.08093 | PS: 0.02806 
Val   | Acuracy:  90.53% | Loss: 0.41074 0.02252 0.08915 | PS: 0.02453 
Test  | Acuracy:  91.01% | Loss: 0.37642 0.02131 0.08024 | PS: 0.02797 
----------------------------------------------------------------------------------------------------
Optimization error  : 0.02806
Population error    : 0.02797
Generalization error: -8e-05
