Namespace(batch_size=64, beta_moco=0.1, gamma_moco=0.1, gamma_modo=1.0, lr=1.0, moo_method='MoDo', num_epochs=1000, rho_moco=0.1, rho_modo=0.0, seed=9)

==================================================
Model parameter count per layer
==================================================
fc1.weight 	: 401408
fc1.bias 	: 512
fc2.weight 	: 5120
fc2.bias 	: 10
Total number of parametrs : 407050
--------------------------------------------------

====================================================================================================
LOG FORMAT: Epoch: EPOCH | Train: LOSS1 LOSS2 LOSS3 | Test: LOSS1 LOSS2 LOSS3 | Error: POP OPT GEN
====================================================================================================
Epoch:      0 | Train: 2.3789 0.181 0.9549 | Test: 2.3839 0.1811 0.9595 | Error: 0.03093 0.03027 0.00066
Epoch:     50 | Train: 1.0233 0.0812 0.2395 | Test: 1.0043 0.0797 0.2356 | Error: 0.04879 0.04584 0.00294
Epoch:    100 | Train: 0.4681 0.0449 0.0893 | Test: 0.4478 0.0433 0.0851 | Error: 0.04481 0.04047 0.00434
Epoch:    150 | Train: 0.4179 0.0347 0.0853 | Test: 0.3878 0.0329 0.0774 | Error: 0.02552 0.02466 0.00086
Epoch:    200 | Train: 0.4269 0.0313 0.0918 | Test: 0.4098 0.0302 0.0867 | Error: 0.03469 0.03188 0.0028
Epoch:    250 | Train: 0.4106 0.0288 0.0881 | Test: 0.3941 0.0277 0.084 | Error: 0.02758 0.02697 0.0006
Epoch:    300 | Train: 0.4058 0.0268 0.0881 | Test: 0.3925 0.0258 0.0856 | Error: 0.02618 0.02386 0.00233
Epoch:    350 | Train: 0.4308 0.0268 0.0967 | Test: 0.422 0.0263 0.0934 | Error: 0.03572 0.03124 0.00448
Epoch:    400 | Train: 0.4012 0.0244 0.0882 | Test: 0.3884 0.0236 0.0862 | Error: 0.01842 0.01313 0.00529
Epoch:    450 | Train: 0.3968 0.0233 0.0872 | Test: 0.3805 0.0225 0.084 | Error: 0.01571 0.01201 0.0037
Epoch:    500 | Train: 0.4358 0.0244 0.0968 | Test: 0.4219 0.024 0.0932 | Error: 0.04374 0.03859 0.00515
Epoch:    550 | Train: 0.4211 0.024 0.091 | Test: 0.409 0.0232 0.0881 | Error: 0.03388 0.03563 -0.00175
Epoch:    600 | Train: 0.3963 0.0224 0.0879 | Test: 0.3796 0.0216 0.0848 | Error: 0.01595 0.01416 0.00179
Epoch:    650 | Train: 0.409 0.0219 0.0909 | Test: 0.3883 0.0211 0.0862 | Error: 0.01831 0.01503 0.00328
Epoch:    700 | Train: 0.4209 0.0224 0.093 | Test: 0.4021 0.0216 0.0893 | Error: 0.02625 0.02621 5e-05
Epoch:    750 | Train: 0.409 0.0218 0.0911 | Test: 0.3951 0.0211 0.0886 | Error: 0.02088 0.01884 0.00204
Epoch:    800 | Train: 0.3962 0.022 0.0862 | Test: 0.3821 0.0213 0.0838 | Error: 0.02282 0.02035 0.00247
Epoch:    850 | Train: 0.4503 0.0257 0.0922 | Test: 0.4484 0.0256 0.0927 | Error: 0.05389 0.05199 0.0019
Epoch:    900 | Train: 0.3955 0.0224 0.0842 | Test: 0.3828 0.0217 0.0817 | Error: 0.03228 0.03285 -0.00056
Epoch:    950 | Train: 0.3729 0.0209 0.0803 | Test: 0.3617 0.0201 0.0796 | Error: 0.0143 0.01617 -0.00187
Epoch:  1,000 | Train: 0.3712 0.0209 0.0777 | Test: 0.3608 0.0204 0.0767 | Error: 0.02007 0.01792 0.00216

====================================================================================================
PERF FORMAT: DATASET | Acuracy: ACC | Loss: LOSS1 LOSS2 LOSS3 | PS: PS
====================================================================================================
Train | Acuracy:  91.57% | Loss: 0.37117 0.02085 0.07767 | PS: 0.01792 
Val   | Acuracy:  91.05% | Loss: 0.39596 0.02171 0.08553 | PS: 0.01811 
Test  | Acuracy:  91.75% | Loss: 0.3608 0.02036 0.07667 | PS: 0.02007 
----------------------------------------------------------------------------------------------------
Optimization error  : 0.01792
Population error    : 0.02007
Generalization error: 0.00216
