Namespace(batch_size=64, beta_moco=0.1, gamma_moco=0.1, gamma_modo=1.0, lr=1.0, moo_method='MoDo', num_epochs=1000, rho_moco=0.1, rho_modo=0.0, seed=1)

==================================================
Model parameter count per layer
==================================================
fc1.weight 	: 401408
fc1.bias 	: 512
fc2.weight 	: 5120
fc2.bias 	: 10
Total number of parametrs : 407050
--------------------------------------------------

====================================================================================================
LOG FORMAT: Epoch: EPOCH | Train: LOSS1 LOSS2 LOSS3 | Test: LOSS1 LOSS2 LOSS3 | Error: POP OPT GEN
====================================================================================================
Epoch:      0 | Train: 2.3577 0.1807 0.9341 | Test: 2.3601 0.1808 0.936 | Error: 0.03083 0.02994 0.00089
Epoch:     50 | Train: 1.2379 0.082 0.3527 | Test: 1.2477 0.0815 0.3551 | Error: 0.03657 0.03529 0.00128
Epoch:    100 | Train: 0.5514 0.0493 0.1066 | Test: 0.5298 0.0478 0.102 | Error: 0.02975 0.02769 0.00206
Epoch:    150 | Train: 0.4387 0.0369 0.088 | Test: 0.4129 0.0354 0.081 | Error: 0.03076 0.02862 0.00213
Epoch:    200 | Train: 0.423 0.0316 0.0892 | Test: 0.4024 0.0305 0.0833 | Error: 0.0248 0.02222 0.00259
Epoch:    250 | Train: 0.4226 0.0303 0.0877 | Test: 0.3984 0.0292 0.0804 | Error: 0.04638 0.04313 0.00326
Epoch:    300 | Train: 0.4001 0.0277 0.0833 | Test: 0.3778 0.0265 0.0782 | Error: 0.02552 0.02541 0.00011
Epoch:    350 | Train: 0.3909 0.0255 0.0843 | Test: 0.3695 0.0244 0.0787 | Error: 0.01439 0.0133 0.00109
Epoch:    400 | Train: 0.4058 0.0247 0.0885 | Test: 0.3821 0.0237 0.0823 | Error: 0.01764 0.01529 0.00235
Epoch:    450 | Train: 0.41 0.0245 0.0885 | Test: 0.3798 0.0233 0.0812 | Error: 0.02304 0.02441 -0.00137
Epoch:    500 | Train: 0.4026 0.0233 0.0884 | Test: 0.3866 0.0224 0.0861 | Error: 0.01567 0.01409 0.00158
Epoch:    550 | Train: 0.4189 0.0239 0.0918 | Test: 0.4003 0.0228 0.0898 | Error: 0.02921 0.02565 0.00356
Epoch:    600 | Train: 0.4071 0.0227 0.0907 | Test: 0.3903 0.0217 0.0872 | Error: 0.01962 0.01901 0.00061
Epoch:    650 | Train: 0.3999 0.0219 0.0891 | Test: 0.3821 0.021 0.086 | Error: 0.01522 0.0159 -0.00068
Epoch:    700 | Train: 0.4361 0.0228 0.0968 | Test: 0.4095 0.0217 0.0908 | Error: 0.02759 0.02704 0.00055
Epoch:    750 | Train: 0.4168 0.0217 0.0926 | Test: 0.398 0.0206 0.0894 | Error: 0.01934 0.01993 -0.00059
Epoch:    800 | Train: 0.4244 0.0217 0.0942 | Test: 0.407 0.0208 0.0907 | Error: 0.02071 0.02081 -0.0001
Epoch:    850 | Train: 0.4213 0.0212 0.0944 | Test: 0.4029 0.0205 0.0908 | Error: 0.02362 0.02114 0.00249
Epoch:    900 | Train: 0.3995 0.0206 0.0893 | Test: 0.3885 0.0201 0.0868 | Error: 0.01235 0.01265 -0.0003
Epoch:    950 | Train: 0.4103 0.021 0.0898 | Test: 0.4019 0.0207 0.0887 | Error: 0.02952 0.02651 0.003
Epoch:  1,000 | Train: 0.4159 0.0216 0.0904 | Test: 0.3955 0.0209 0.0856 | Error: 0.0228 0.02324 -0.00043

====================================================================================================
PERF FORMAT: DATASET | Acuracy: ACC | Loss: LOSS1 LOSS2 LOSS3 | PS: PS
====================================================================================================
Train | Acuracy:  91.03% | Loss: 0.41591 0.02161 0.09044 | PS: 0.02324 
Val   | Acuracy:  90.75% | Loss: 0.42488 0.02231 0.09027 | PS: 0.02309 
Test  | Acuracy:  91.49% | Loss: 0.39555 0.02091 0.08564 | PS: 0.0228 
----------------------------------------------------------------------------------------------------
Optimization error  : 0.02324
Population error    : 0.0228
Generalization error: -0.00043
