Namespace(batch_size=64, beta_moco=0.1, gamma_moco=0.1, gamma_modo=1.0, lr=1.0, moo_method='MoDo', num_epochs=1000, rho_moco=0.1, rho_modo=0.0, seed=4)

==================================================
Model parameter count per layer
==================================================
fc1.weight 	: 401408
fc1.bias 	: 512
fc2.weight 	: 5120
fc2.bias 	: 10
Total number of parametrs : 407050
--------------------------------------------------

====================================================================================================
LOG FORMAT: Epoch: EPOCH | Train: LOSS1 LOSS2 LOSS3 | Test: LOSS1 LOSS2 LOSS3 | Error: POP OPT GEN
====================================================================================================
Epoch:      0 | Train: 2.3068 0.1796 0.8833 | Test: 2.3125 0.1797 0.889 | Error: 0.03209 0.03157 0.00052
Epoch:     50 | Train: 1.2065 0.0807 0.3115 | Test: 1.2122 0.0803 0.3139 | Error: 0.03689 0.03453 0.00236
Epoch:    100 | Train: 0.4666 0.0454 0.0868 | Test: 0.4443 0.0437 0.0815 | Error: 0.03797 0.035 0.00296
Epoch:    150 | Train: 0.4249 0.0351 0.087 | Test: 0.4002 0.0333 0.0811 | Error: 0.02437 0.02644 -0.00207
Epoch:    200 | Train: 0.406 0.0311 0.0844 | Test: 0.3891 0.0297 0.0809 | Error: 0.02594 0.02676 -0.00082
Epoch:    250 | Train: 0.4009 0.0284 0.0843 | Test: 0.3858 0.0272 0.0804 | Error: 0.02158 0.02207 -0.0005
Epoch:    300 | Train: 0.3827 0.0266 0.0803 | Test: 0.3709 0.0256 0.0776 | Error: 0.02162 0.0196 0.00202
Epoch:    350 | Train: 0.3885 0.0258 0.0835 | Test: 0.3786 0.025 0.0818 | Error: 0.02533 0.02129 0.00403
Epoch:    400 | Train: 0.38 0.0241 0.0818 | Test: 0.3644 0.0231 0.0785 | Error: 0.0145 0.01424 0.00026
Epoch:    450 | Train: 0.3915 0.0238 0.0847 | Test: 0.3741 0.0229 0.0806 | Error: 0.01631 0.01486 0.00144
Epoch:    500 | Train: 0.41 0.0242 0.0885 | Test: 0.4006 0.0235 0.0868 | Error: 0.03571 0.03301 0.00271
Epoch:    550 | Train: 0.3876 0.0222 0.0858 | Test: 0.3772 0.0215 0.0834 | Error: 0.01232 0.00904 0.00328
Epoch:    600 | Train: 0.3999 0.0222 0.0898 | Test: 0.3853 0.0215 0.0871 | Error: 0.01723 0.01692 0.00031
Epoch:    650 | Train: 0.3906 0.0217 0.0857 | Test: 0.3809 0.0209 0.086 | Error: 0.01086 0.01132 -0.00046
Epoch:    700 | Train: 0.3866 0.022 0.0829 | Test: 0.3769 0.0213 0.0815 | Error: 0.02328 0.02307 0.00022
Epoch:    750 | Train: 0.4468 0.0233 0.1021 | Test: 0.4348 0.0227 0.1027 | Error: 0.02968 0.0255 0.00417
Epoch:    800 | Train: 0.3928 0.0216 0.0859 | Test: 0.3894 0.0209 0.0877 | Error: 0.01687 0.01736 -0.00049
Epoch:    850 | Train: 0.4066 0.022 0.0868 | Test: 0.3933 0.0213 0.0852 | Error: 0.02196 0.02202 -6e-05
Epoch:    900 | Train: 0.5698 0.028 0.1255 | Test: 0.5799 0.0276 0.1344 | Error: 0.04439 0.04392 0.00047
Epoch:    950 | Train: 0.4231 0.0213 0.0937 | Test: 0.422 0.0211 0.0968 | Error: 0.0197 0.01689 0.00281
Epoch:  1,000 | Train: 0.4069 0.0209 0.09 | Test: 0.3979 0.0203 0.0904 | Error: 0.01759 0.01855 -0.00096

====================================================================================================
PERF FORMAT: DATASET | Acuracy: ACC | Loss: LOSS1 LOSS2 LOSS3 | PS: PS
====================================================================================================
Train | Acuracy:  91.25% | Loss: 0.40691 0.02092 0.09003 | PS: 0.01855 
Val   | Acuracy:  90.57% | Loss: 0.43813 0.02243 0.09559 | PS: 0.01848 
Test  | Acuracy:  91.46% | Loss: 0.39792 0.02031 0.09038 | PS: 0.01759 
----------------------------------------------------------------------------------------------------
Optimization error  : 0.01855
Population error    : 0.01759
Generalization error: -0.00096
