Namespace(batch_size=64, beta_moco=0.1, gamma_moco=0.1, gamma_modo=1.0, lr=1.0, moo_method='MoDo', num_epochs=1000, rho_moco=0.1, rho_modo=0.0, seed=8)

==================================================
Model parameter count per layer
==================================================
fc1.weight 	: 401408
fc1.bias 	: 512
fc2.weight 	: 5120
fc2.bias 	: 10
Total number of parametrs : 407050
--------------------------------------------------

====================================================================================================
LOG FORMAT: Epoch: EPOCH | Train: LOSS1 LOSS2 LOSS3 | Test: LOSS1 LOSS2 LOSS3 | Error: POP OPT GEN
====================================================================================================
Epoch:      0 | Train: 2.3556 0.1806 0.9304 | Test: 2.3569 0.1807 0.9314 | Error: 0.03079 0.03001 0.00078
Epoch:     50 | Train: 0.9522 0.0767 0.2335 | Test: 0.9363 0.0754 0.2284 | Error: 0.0368 0.03645 0.00035
Epoch:    100 | Train: 0.4492 0.043 0.0838 | Test: 0.4247 0.0413 0.0782 | Error: 0.02959 0.0278 0.00179
Epoch:    150 | Train: 0.4213 0.0343 0.0855 | Test: 0.3993 0.0329 0.0799 | Error: 0.02482 0.02115 0.00367
Epoch:    200 | Train: 0.4145 0.0307 0.0866 | Test: 0.3986 0.0294 0.0829 | Error: 0.02794 0.02739 0.00055
Epoch:    250 | Train: 0.3981 0.0278 0.0842 | Test: 0.376 0.0264 0.0797 | Error: 0.01921 0.01956 -0.00035
Epoch:    300 | Train: 0.402 0.0274 0.0838 | Test: 0.3854 0.0265 0.0801 | Error: 0.03767 0.03483 0.00285
Epoch:    350 | Train: 0.3938 0.0253 0.0839 | Test: 0.37 0.024 0.0789 | Error: 0.01781 0.01853 -0.00071
Epoch:    400 | Train: 0.4003 0.0244 0.086 | Test: 0.3816 0.0233 0.0827 | Error: 0.02158 0.02257 -0.001
Epoch:    450 | Train: 0.393 0.0234 0.0857 | Test: 0.3806 0.0228 0.0836 | Error: 0.01899 0.01575 0.00324
Epoch:    500 | Train: 0.3863 0.0233 0.0848 | Test: 0.3671 0.0225 0.0799 | Error: 0.01293 0.01097 0.00195
Epoch:    550 | Train: 0.4028 0.0234 0.0862 | Test: 0.3921 0.0228 0.0847 | Error: 0.02929 0.0275 0.00179
Epoch:    600 | Train: 0.3957 0.0226 0.0852 | Test: 0.3824 0.0217 0.0823 | Error: 0.01695 0.01816 -0.00121
Epoch:    650 | Train: 0.381 0.0223 0.0803 | Test: 0.3757 0.0218 0.0796 | Error: 0.01884 0.01777 0.00107
Epoch:    700 | Train: 0.3896 0.0233 0.0818 | Test: 0.3908 0.0231 0.0831 | Error: 0.03201 0.02963 0.00238
Epoch:    750 | Train: 0.3744 0.0224 0.0789 | Test: 0.3777 0.0222 0.0805 | Error: 0.02324 0.02163 0.00161
Epoch:    800 | Train: 0.3796 0.0228 0.0793 | Test: 0.3766 0.022 0.0798 | Error: 0.02986 0.03107 -0.00121
Epoch:    850 | Train: 0.38 0.0217 0.0814 | Test: 0.3706 0.0207 0.0805 | Error: 0.01753 0.01957 -0.00204
Epoch:    900 | Train: 0.3828 0.0212 0.082 | Test: 0.3749 0.0204 0.0811 | Error: 0.02109 0.02172 -0.00063
Epoch:    950 | Train: 0.382 0.0212 0.0814 | Test: 0.3747 0.0207 0.0808 | Error: 0.02385 0.02096 0.00289
Epoch:  1,000 | Train: 0.3823 0.0207 0.0811 | Test: 0.3743 0.02 0.0814 | Error: 0.0199 0.01668 0.00322

====================================================================================================
PERF FORMAT: DATASET | Acuracy: ACC | Loss: LOSS1 LOSS2 LOSS3 | PS: PS
====================================================================================================
Train | Acuracy:  91.54% | Loss: 0.38226 0.02067 0.08112 | PS: 0.01668 
Val   | Acuracy:  90.72% | Loss: 0.41944 0.0219 0.09401 | PS: 0.01673 
Test  | Acuracy:  91.72% | Loss: 0.37431 0.02 0.08136 | PS: 0.0199 
----------------------------------------------------------------------------------------------------
Optimization error  : 0.01668
Population error    : 0.0199
Generalization error: 0.00322
