Namespace(batch_size=64, beta_moco=0.1, gamma_moco=0.1, gamma_modo=1.0, lr=1.0, moo_method='MoDo', num_epochs=1000, rho_moco=0.1, rho_modo=0.0, seed=6)

==================================================
Model parameter count per layer
==================================================
fc1.weight 	: 401408
fc1.bias 	: 512
fc2.weight 	: 5120
fc2.bias 	: 10
Total number of parametrs : 407050
--------------------------------------------------

====================================================================================================
LOG FORMAT: Epoch: EPOCH | Train: LOSS1 LOSS2 LOSS3 | Test: LOSS1 LOSS2 LOSS3 | Error: POP OPT GEN
====================================================================================================
Epoch:      0 | Train: 2.3525 0.1806 0.931 | Test: 2.355 0.1807 0.9331 | Error: 0.03221 0.03153 0.00068
Epoch:     50 | Train: 0.7229 0.061 0.171 | Test: 0.6938 0.059 0.163 | Error: 0.02779 0.02576 0.00203
Epoch:    100 | Train: 0.4576 0.0405 0.0909 | Test: 0.4278 0.0386 0.0833 | Error: 0.02596 0.02528 0.00068
Epoch:    150 | Train: 0.4172 0.0331 0.0879 | Test: 0.3925 0.0316 0.0818 | Error: 0.02838 0.02731 0.00107
Epoch:    200 | Train: 0.4102 0.0297 0.0874 | Test: 0.3859 0.0284 0.081 | Error: 0.02547 0.02232 0.00315
Epoch:    250 | Train: 0.4 0.0276 0.0859 | Test: 0.3749 0.0262 0.08 | Error: 0.023 0.02382 -0.00082
Epoch:    300 | Train: 0.3894 0.0264 0.0828 | Test: 0.368 0.0253 0.0767 | Error: 0.0211 0.01875 0.00235
Epoch:    350 | Train: 0.407 0.0252 0.0897 | Test: 0.3772 0.024 0.0823 | Error: 0.02159 0.02134 0.00025
Epoch:    400 | Train: 0.4086 0.0246 0.0894 | Test: 0.3876 0.0234 0.0844 | Error: 0.02145 0.02196 -0.00051
Epoch:    450 | Train: 0.4005 0.0233 0.0875 | Test: 0.3763 0.0223 0.0817 | Error: 0.01768 0.0155 0.00218
Epoch:    500 | Train: 0.414 0.0237 0.0895 | Test: 0.3886 0.023 0.083 | Error: 0.03036 0.02605 0.00431
Epoch:    550 | Train: 0.4246 0.0248 0.0907 | Test: 0.3964 0.0238 0.0842 | Error: 0.04035 0.0387 0.00165
Epoch:    600 | Train: 0.3968 0.0226 0.0865 | Test: 0.3783 0.0218 0.0823 | Error: 0.01857 0.01831 0.00025
Epoch:    650 | Train: 0.4307 0.0244 0.0904 | Test: 0.413 0.0235 0.086 | Error: 0.04505 0.04503 3e-05
Epoch:    700 | Train: 0.382 0.0222 0.0811 | Test: 0.3546 0.021 0.0749 | Error: 0.01741 0.01859 -0.00118
Epoch:    750 | Train: 0.3926 0.0227 0.0839 | Test: 0.3727 0.0221 0.0788 | Error: 0.02848 0.02863 -0.00014
Epoch:    800 | Train: 0.3843 0.0219 0.0813 | Test: 0.3672 0.0213 0.0784 | Error: 0.02332 0.02266 0.00065
Epoch:    850 | Train: 0.3839 0.0216 0.0816 | Test: 0.3778 0.0213 0.0803 | Error: 0.0198 0.01785 0.00195
Epoch:    900 | Train: 0.3832 0.021 0.0815 | Test: 0.37 0.0205 0.0795 | Error: 0.0207 0.0208 -0.0001
Epoch:    950 | Train: 0.3783 0.0209 0.0807 | Test: 0.3672 0.0204 0.0783 | Error: 0.0177 0.0174 0.0003
Epoch:  1,000 | Train: 0.3904 0.0207 0.0844 | Test: 0.3883 0.0204 0.0845 | Error: 0.0153 0.01579 -0.00049

====================================================================================================
PERF FORMAT: DATASET | Acuracy: ACC | Loss: LOSS1 LOSS2 LOSS3 | PS: PS
====================================================================================================
Train | Acuracy:  91.50% | Loss: 0.39039 0.02072 0.08438 | PS: 0.01579 
Val   | Acuracy:  90.66% | Loss: 0.40119 0.02207 0.08777 | PS: 0.01566 
Test  | Acuracy:  91.57% | Loss: 0.3883 0.02043 0.08454 | PS: 0.0153 
----------------------------------------------------------------------------------------------------
Optimization error  : 0.01579
Population error    : 0.0153
Generalization error: -0.00049
