Namespace(batch_size=64, beta_moco=0.1, gamma_moco=0.1, gamma_modo=1.0, lr=1.0, moo_method='MoDo', num_epochs=1000, rho_moco=0.1, rho_modo=0.0, seed=3)

==================================================
Model parameter count per layer
==================================================
fc1.weight 	: 401408
fc1.bias 	: 512
fc2.weight 	: 5120
fc2.bias 	: 10
Total number of parametrs : 407050
--------------------------------------------------

====================================================================================================
LOG FORMAT: Epoch: EPOCH | Train: LOSS1 LOSS2 LOSS3 | Test: LOSS1 LOSS2 LOSS3 | Error: POP OPT GEN
====================================================================================================
Epoch:      0 | Train: 2.3215 0.1797 0.8909 | Test: 2.3254 0.1798 0.8934 | Error: 0.03451 0.03394 0.00057
Epoch:     50 | Train: 0.7391 0.0696 0.1424 | Test: 0.7163 0.0683 0.1358 | Error: 0.05106 0.04636 0.0047
Epoch:    100 | Train: 0.4575 0.0416 0.0904 | Test: 0.435 0.04 0.0847 | Error: 0.03463 0.02947 0.00516
Epoch:    150 | Train: 0.432 0.0341 0.0905 | Test: 0.4084 0.0325 0.0845 | Error: 0.02466 0.0243 0.00036
Epoch:    200 | Train: 0.409 0.0308 0.0857 | Test: 0.3895 0.0298 0.0792 | Error: 0.03163 0.02833 0.0033
Epoch:    250 | Train: 0.4162 0.0283 0.0897 | Test: 0.3942 0.027 0.0845 | Error: 0.02788 0.02714 0.00074
Epoch:    300 | Train: 0.4092 0.0269 0.0888 | Test: 0.3873 0.0256 0.0843 | Error: 0.03009 0.02749 0.0026
Epoch:    350 | Train: 0.398 0.0256 0.0865 | Test: 0.3827 0.0248 0.0828 | Error: 0.0231 0.02214 0.00096
Epoch:    400 | Train: 0.3896 0.0248 0.0844 | Test: 0.3739 0.0239 0.0813 | Error: 0.02131 0.01809 0.00322
Epoch:    450 | Train: 0.409 0.0252 0.0868 | Test: 0.3895 0.024 0.0825 | Error: 0.03074 0.03063 0.00011
Epoch:    500 | Train: 0.3788 0.0234 0.0811 | Test: 0.3556 0.0224 0.0755 | Error: 0.01848 0.0156 0.00288
Epoch:    550 | Train: 0.3861 0.0228 0.0854 | Test: 0.3703 0.022 0.0821 | Error: 0.02105 0.01737 0.00368
Epoch:    600 | Train: 0.3768 0.0223 0.0827 | Test: 0.3607 0.0215 0.0796 | Error: 0.01409 0.01179 0.0023
Epoch:    650 | Train: 0.3842 0.0219 0.0856 | Test: 0.3758 0.0211 0.0849 | Error: 0.01459 0.01272 0.00186
Epoch:    700 | Train: 0.3845 0.0216 0.0848 | Test: 0.374 0.0209 0.083 | Error: 0.01286 0.01134 0.00152
Epoch:    750 | Train: 0.4193 0.0227 0.0914 | Test: 0.3959 0.0215 0.0858 | Error: 0.02462 0.02792 -0.0033
Epoch:    800 | Train: 0.3862 0.0209 0.0855 | Test: 0.3724 0.0201 0.0826 | Error: 0.01384 0.01169 0.00215
Epoch:    850 | Train: 0.3887 0.0226 0.083 | Test: 0.3848 0.0223 0.0819 | Error: 0.03639 0.03304 0.00335
Epoch:    900 | Train: 0.3936 0.0224 0.0842 | Test: 0.3981 0.0221 0.0856 | Error: 0.0322 0.03339 -0.00118
Epoch:    950 | Train: 0.3878 0.0223 0.0827 | Test: 0.3939 0.0221 0.0838 | Error: 0.03104 0.03002 0.00102
Epoch:  1,000 | Train: 0.3864 0.0234 0.0797 | Test: 0.3905 0.0231 0.0814 | Error: 0.04994 0.04883 0.00112

====================================================================================================
PERF FORMAT: DATASET | Acuracy: ACC | Loss: LOSS1 LOSS2 LOSS3 | PS: PS
====================================================================================================
Train | Acuracy:  90.60% | Loss: 0.38641 0.02335 0.07973 | PS: 0.04883 
Val   | Acuracy:  89.89% | Loss: 0.41508 0.02478 0.08527 | PS: 0.04568 
Test  | Acuracy:  90.70% | Loss: 0.39046 0.0231 0.08136 | PS: 0.04994 
----------------------------------------------------------------------------------------------------
Optimization error  : 0.04883
Population error    : 0.04994
Generalization error: 0.00112
