Namespace(batch_size=64, beta_moco=0.1, gamma_moco=0.1, gamma_modo=1.0, lr=1.0, moo_method='MoDo', num_epochs=1000, rho_moco=0.1, rho_modo=0.0, seed=5)

==================================================
Model parameter count per layer
==================================================
fc1.weight 	: 401408
fc1.bias 	: 512
fc2.weight 	: 5120
fc2.bias 	: 10
Total number of parametrs : 407050
--------------------------------------------------

====================================================================================================
LOG FORMAT: Epoch: EPOCH | Train: LOSS1 LOSS2 LOSS3 | Test: LOSS1 LOSS2 LOSS3 | Error: POP OPT GEN
====================================================================================================
Epoch:      0 | Train: 2.3112 0.1799 0.8888 | Test: 2.3147 0.1799 0.8916 | Error: 0.03278 0.03197 0.00081
Epoch:     50 | Train: 0.7714 0.0689 0.1682 | Test: 0.7444 0.067 0.1616 | Error: 0.04577 0.04313 0.00265
Epoch:    100 | Train: 0.4638 0.0437 0.0872 | Test: 0.4518 0.0424 0.085 | Error: 0.04344 0.04062 0.00282
Epoch:    150 | Train: 0.4002 0.0339 0.0793 | Test: 0.3857 0.0329 0.0748 | Error: 0.02705 0.02461 0.00244
Epoch:    200 | Train: 0.4055 0.0311 0.082 | Test: 0.3849 0.0299 0.0764 | Error: 0.03642 0.03469 0.00173
Epoch:    250 | Train: 0.3982 0.0279 0.0841 | Test: 0.3761 0.0269 0.0777 | Error: 0.02554 0.02523 0.00031
Epoch:    300 | Train: 0.3903 0.0265 0.0809 | Test: 0.3689 0.0256 0.0758 | Error: 0.02247 0.02081 0.00166
Epoch:    350 | Train: 0.3781 0.0248 0.0806 | Test: 0.3601 0.024 0.0757 | Error: 0.01418 0.00928 0.00491
Epoch:    400 | Train: 0.3815 0.0247 0.0809 | Test: 0.3588 0.0236 0.0762 | Error: 0.01976 0.02357 -0.00381
Epoch:    450 | Train: 0.3792 0.0238 0.0796 | Test: 0.3612 0.023 0.0754 | Error: 0.01817 0.01934 -0.00117
Epoch:    500 | Train: 0.3824 0.0236 0.0802 | Test: 0.3748 0.023 0.0789 | Error: 0.01888 0.02065 -0.00178
Epoch:    550 | Train: 0.384 0.0228 0.0826 | Test: 0.373 0.0224 0.0795 | Error: 0.02176 0.01966 0.0021
Epoch:    600 | Train: 0.3797 0.0227 0.0803 | Test: 0.3722 0.0225 0.0796 | Error: 0.02658 0.02276 0.00382
Epoch:    650 | Train: 0.3772 0.0217 0.0806 | Test: 0.3651 0.0213 0.0789 | Error: 0.01451 0.01413 0.00038
Epoch:    700 | Train: 0.398 0.0223 0.085 | Test: 0.3901 0.0221 0.0836 | Error: 0.0283 0.02868 -0.00038
Epoch:    750 | Train: 0.3941 0.0211 0.086 | Test: 0.3863 0.0207 0.0854 | Error: 0.01928 0.02104 -0.00176
Epoch:    800 | Train: 0.3965 0.0218 0.0832 | Test: 0.3947 0.0212 0.0845 | Error: 0.02576 0.02693 -0.00117
Epoch:    850 | Train: 0.3766 0.0207 0.0801 | Test: 0.3656 0.02 0.0784 | Error: 0.01006 0.00995 0.00012
Epoch:    900 | Train: 0.3849 0.021 0.0818 | Test: 0.3812 0.0207 0.0811 | Error: 0.01826 0.01819 7e-05
Epoch:    950 | Train: 0.3876 0.0207 0.0827 | Test: 0.3888 0.0205 0.0834 | Error: 0.01655 0.01752 -0.00097
Epoch:  1,000 | Train: 0.379 0.0206 0.0806 | Test: 0.381 0.0206 0.0822 | Error: 0.0149 0.01346 0.00144

====================================================================================================
PERF FORMAT: DATASET | Acuracy: ACC | Loss: LOSS1 LOSS2 LOSS3 | PS: PS
====================================================================================================
Train | Acuracy:  91.54% | Loss: 0.37904 0.02058 0.08065 | PS: 0.01346 
Val   | Acuracy:  90.38% | Loss: 0.43388 0.02266 0.09433 | PS: 0.01452 
Test  | Acuracy:  91.30% | Loss: 0.38102 0.0206 0.08223 | PS: 0.0149 
----------------------------------------------------------------------------------------------------
Optimization error  : 0.01346
Population error    : 0.0149
Generalization error: 0.00144
