Namespace(batch_size=64, beta_moco=0.1, gamma_moco=0.1, gamma_modo=0.1, lr=0.1, moo_method='EW', num_epochs=1000, rho_moco=0.0, rho_modo=0.0, seed=7)

==================================================
Model parameter count per layer
==================================================
fc1.weight 	: 401408
fc1.bias 	: 512
fc2.weight 	: 5120
fc2.bias 	: 10
Total number of parametrs : 407050
--------------------------------------------------

====================================================================================================
LOG FORMAT: Epoch: EPOCH | Train: LOSS1 LOSS2 LOSS3 | Test: LOSS1 LOSS2 LOSS3 | Error: POP OPT GEN
====================================================================================================
Epoch:      0 | Train: 2.3352 0.0906 0.0131 | Test: 2.3277 0.0904 0.0131 | Error: 0.00374 0.00365 0.0001
Epoch:     50 | Train: 0.7947 0.0351 0.0067 | Test: 0.7681 0.0339 0.0065 | Error: 0.0056 0.00544 0.00016
Epoch:    100 | Train: 0.563 0.0246 0.0048 | Test: 0.5384 0.0234 0.0046 | Error: 0.00406 0.00386 0.00021
Epoch:    150 | Train: 0.4803 0.0209 0.004 | Test: 0.4573 0.0197 0.0038 | Error: 0.00319 0.00306 0.00013
Epoch:    200 | Train: 0.4366 0.0192 0.0035 | Test: 0.4129 0.018 0.0033 | Error: 0.00258 0.00251 7e-05
Epoch:    250 | Train: 0.4142 0.0184 0.0033 | Test: 0.3906 0.0172 0.0032 | Error: 0.00393 0.00355 0.00038
Epoch:    300 | Train: 0.3944 0.0174 0.0031 | Test: 0.3722 0.0164 0.0029 | Error: 0.00364 0.00316 0.00049
Epoch:    350 | Train: 0.3762 0.0165 0.0029 | Test: 0.3565 0.0155 0.0028 | Error: 0.00241 0.00222 0.00019
Epoch:    400 | Train: 0.3696 0.0162 0.0028 | Test: 0.35 0.0153 0.0027 | Error: 0.0032 0.00305 0.00015
Epoch:    450 | Train: 0.3576 0.0157 0.0027 | Test: 0.3377 0.0147 0.0026 | Error: 0.0022 0.00216 5e-05
Epoch:    500 | Train: 0.3479 0.0151 0.0026 | Test: 0.3322 0.0143 0.0025 | Error: 0.00209 0.00177 0.00032
Epoch:    550 | Train: 0.3456 0.0151 0.0026 | Test: 0.3309 0.0142 0.0025 | Error: 0.00215 0.00214 1e-05
Epoch:    600 | Train: 0.3466 0.0153 0.0026 | Test: 0.3355 0.0145 0.0025 | Error: 0.00374 0.0033 0.00044
Epoch:    650 | Train: 0.3357 0.0146 0.0025 | Test: 0.3245 0.014 0.0024 | Error: 0.00209 0.00164 0.00044
Epoch:    700 | Train: 0.3344 0.0145 0.0025 | Test: 0.3237 0.0139 0.0023 | Error: 0.00235 0.00242 -7e-05
Epoch:    750 | Train: 0.3301 0.0143 0.0024 | Test: 0.3197 0.0138 0.0023 | Error: 0.00232 0.00187 0.00045
Epoch:    800 | Train: 0.325 0.0141 0.0024 | Test: 0.3138 0.0135 0.0023 | Error: 0.00176 0.00165 0.00012
Epoch:    850 | Train: 0.3315 0.0146 0.0024 | Test: 0.3211 0.0139 0.0023 | Error: 0.00319 0.00324 -5e-05
Epoch:    900 | Train: 0.3282 0.0143 0.0024 | Test: 0.3211 0.0139 0.0023 | Error: 0.00256 0.0023 0.00026
Epoch:    950 | Train: 0.3204 0.014 0.0023 | Test: 0.3096 0.0133 0.0022 | Error: 0.00182 0.00187 -5e-05
Epoch:  1,000 | Train: 0.322 0.0141 0.0024 | Test: 0.3143 0.0135 0.0023 | Error: 0.00359 0.00324 0.00035

====================================================================================================
PERF FORMAT: DATASET | Acuracy: ACC | Loss: LOSS1 LOSS2 LOSS3 | PS: PS
====================================================================================================
Train | Acuracy:  90.85% | Loss: 0.32198 0.01406 0.00236 | PS: 0.00324 
Val   | Acuracy:  90.64% | Loss: 0.32748 0.01424 0.00237 | PS: 0.00359 
Test  | Acuracy:  91.20% | Loss: 0.31426 0.01353 0.00228 | PS: 0.00359 
----------------------------------------------------------------------------------------------------
Optimization error  : 0.00324
Population error    : 0.00359
Generalization error: 0.00035
