Namespace(batch_size=64, beta_moco=0.1, gamma_moco=0.1, gamma_modo=0.1, lr=0.1, moo_method='EW', num_epochs=1000, rho_moco=0.0, rho_modo=0.0, seed=3)

==================================================
Model parameter count per layer
==================================================
fc1.weight 	: 401408
fc1.bias 	: 512
fc2.weight 	: 5120
fc2.bias 	: 10
Total number of parametrs : 407050
--------------------------------------------------

====================================================================================================
LOG FORMAT: Epoch: EPOCH | Train: LOSS1 LOSS2 LOSS3 | Test: LOSS1 LOSS2 LOSS3 | Error: POP OPT GEN
====================================================================================================
Epoch:      0 | Train: 2.3215 0.0903 0.0131 | Test: 2.3254 0.0904 0.0131 | Error: 0.00378 0.00369 9e-05
Epoch:     50 | Train: 0.775 0.0342 0.0064 | Test: 0.7495 0.0331 0.0063 | Error: 0.0051 0.00502 8e-05
Epoch:    100 | Train: 0.5476 0.0238 0.0046 | Test: 0.5228 0.0227 0.0044 | Error: 0.003 0.0029 0.0001
Epoch:    150 | Train: 0.469 0.0204 0.0038 | Test: 0.4497 0.0195 0.0037 | Error: 0.00311 0.00275 0.00035
Epoch:    200 | Train: 0.4289 0.0187 0.0034 | Test: 0.4121 0.0178 0.0033 | Error: 0.0027 0.00248 0.00021
Epoch:    250 | Train: 0.4012 0.0174 0.0032 | Test: 0.3856 0.0167 0.003 | Error: 0.0025 0.00194 0.00057
Epoch:    300 | Train: 0.384 0.0167 0.003 | Test: 0.3681 0.0159 0.0028 | Error: 0.002 0.00189 0.00011
Epoch:    350 | Train: 0.3783 0.0164 0.0029 | Test: 0.3643 0.0157 0.0028 | Error: 0.00328 0.00298 0.0003
Epoch:    400 | Train: 0.3649 0.0158 0.0028 | Test: 0.3475 0.015 0.0027 | Error: 0.00217 0.00229 -0.00013
Epoch:    450 | Train: 0.3582 0.0155 0.0027 | Test: 0.346 0.015 0.0026 | Error: 0.00255 0.00228 0.00027
Epoch:    500 | Train: 0.3499 0.0153 0.0026 | Test: 0.3368 0.0147 0.0025 | Error: 0.00216 0.00203 0.00012
Epoch:    550 | Train: 0.3468 0.0151 0.0026 | Test: 0.3311 0.0144 0.0025 | Error: 0.00295 0.00264 0.00032
Epoch:    600 | Train: 0.3472 0.0151 0.0026 | Test: 0.3369 0.0145 0.0025 | Error: 0.00391 0.00327 0.00065
Epoch:    650 | Train: 0.3358 0.0146 0.0024 | Test: 0.3228 0.0138 0.0023 | Error: 0.00161 0.00164 -3e-05
Epoch:    700 | Train: 0.3299 0.0143 0.0024 | Test: 0.3191 0.0137 0.0023 | Error: 0.00176 0.00162 0.00014
Epoch:    750 | Train: 0.3334 0.0145 0.0024 | Test: 0.3195 0.0138 0.0023 | Error: 0.00281 0.00292 -0.00011
Epoch:    800 | Train: 0.3258 0.0141 0.0024 | Test: 0.3148 0.0135 0.0023 | Error: 0.00239 0.00218 0.00022
Epoch:    850 | Train: 0.3222 0.014 0.0023 | Test: 0.3105 0.0133 0.0022 | Error: 0.0017 0.00193 -0.00022
Epoch:    900 | Train: 0.325 0.0141 0.0024 | Test: 0.3137 0.0136 0.0023 | Error: 0.00298 0.00294 4e-05
Epoch:    950 | Train: 0.3205 0.0139 0.0023 | Test: 0.3102 0.0134 0.0022 | Error: 0.00268 0.00235 0.00033
Epoch:  1,000 | Train: 0.314 0.0135 0.0022 | Test: 0.3059 0.0131 0.0022 | Error: 0.00233 0.00167 0.00066

====================================================================================================
PERF FORMAT: DATASET | Acuracy: ACC | Loss: LOSS1 LOSS2 LOSS3 | PS: PS
====================================================================================================
Train | Acuracy:  91.14% | Loss: 0.31401 0.01353 0.00224 | PS: 0.00167 
Val   | Acuracy:  90.48% | Loss: 0.33174 0.01447 0.00235 | PS: 0.00183 
Test  | Acuracy:  91.32% | Loss: 0.30593 0.01314 0.00218 | PS: 0.00233 
----------------------------------------------------------------------------------------------------
Optimization error  : 0.00167
Population error    : 0.00233
Generalization error: 0.00066
