Namespace(batch_size=64, beta_moco=0.1, gamma_moco=0.1, gamma_modo=0.1, lr=0.1, moo_method='EW', num_epochs=1000, rho_moco=0.0, rho_modo=0.0, seed=1)

==================================================
Model parameter count per layer
==================================================
fc1.weight 	: 401408
fc1.bias 	: 512
fc2.weight 	: 5120
fc2.bias 	: 10
Total number of parametrs : 407050
--------------------------------------------------

====================================================================================================
LOG FORMAT: Epoch: EPOCH | Train: LOSS1 LOSS2 LOSS3 | Test: LOSS1 LOSS2 LOSS3 | Error: POP OPT GEN
====================================================================================================
Epoch:      0 | Train: 2.3577 0.0911 0.0131 | Test: 2.3601 0.0912 0.0132 | Error: 0.00341 0.00327 0.00014
Epoch:     50 | Train: 0.7819 0.0344 0.0066 | Test: 0.7576 0.0334 0.0064 | Error: 0.00602 0.00594 8e-05
Epoch:    100 | Train: 0.5529 0.0241 0.0046 | Test: 0.5302 0.0231 0.0045 | Error: 0.0035 0.00332 0.00018
Epoch:    150 | Train: 0.4758 0.0208 0.0039 | Test: 0.4548 0.0199 0.0038 | Error: 0.00363 0.00323 0.0004
Epoch:    200 | Train: 0.432 0.0187 0.0034 | Test: 0.4127 0.0178 0.0033 | Error: 0.00247 0.00207 0.0004
Epoch:    250 | Train: 0.4071 0.0179 0.0032 | Test: 0.3859 0.0169 0.0031 | Error: 0.00217 0.00214 3e-05
Epoch:    300 | Train: 0.3896 0.017 0.003 | Test: 0.3705 0.0161 0.0029 | Error: 0.00221 0.00196 0.00025
Epoch:    350 | Train: 0.3782 0.0164 0.0029 | Test: 0.3645 0.0157 0.0028 | Error: 0.00254 0.00225 0.00029
Epoch:    400 | Train: 0.3657 0.0159 0.0028 | Test: 0.3496 0.0151 0.0027 | Error: 0.00212 0.00173 0.00039
Epoch:    450 | Train: 0.3619 0.0158 0.0027 | Test: 0.346 0.015 0.0026 | Error: 0.00292 0.00269 0.00023
Epoch:    500 | Train: 0.3526 0.0153 0.0026 | Test: 0.339 0.0146 0.0025 | Error: 0.00204 0.00192 0.00012
Epoch:    550 | Train: 0.3462 0.0151 0.0025 | Test: 0.3335 0.0144 0.0025 | Error: 0.00223 0.00192 0.00031
Epoch:    600 | Train: 0.3433 0.0149 0.0025 | Test: 0.3281 0.0143 0.0024 | Error: 0.00206 0.00191 0.00015
Epoch:    650 | Train: 0.3366 0.0145 0.0025 | Test: 0.3234 0.0139 0.0024 | Error: 0.00175 0.00151 0.00024
Epoch:    700 | Train: 0.333 0.0144 0.0024 | Test: 0.317 0.0136 0.0023 | Error: 0.00168 0.00152 0.00016
Epoch:    750 | Train: 0.3336 0.0144 0.0024 | Test: 0.3206 0.0137 0.0023 | Error: 0.00258 0.00229 0.00029
Epoch:    800 | Train: 0.3415 0.015 0.0025 | Test: 0.3308 0.0145 0.0024 | Error: 0.00412 0.00403 9e-05
Epoch:    850 | Train: 0.3239 0.014 0.0023 | Test: 0.3122 0.0134 0.0023 | Error: 0.00158 0.00158 0.0
Epoch:    900 | Train: 0.321 0.0138 0.0023 | Test: 0.3095 0.0132 0.0022 | Error: 0.00164 0.00143 0.00022
Epoch:    950 | Train: 0.3227 0.0139 0.0023 | Test: 0.3117 0.0132 0.0022 | Error: 0.00186 0.00205 -0.00019
Epoch:  1,000 | Train: 0.3171 0.0137 0.0023 | Test: 0.3066 0.0132 0.0022 | Error: 0.00202 0.00171 0.0003

====================================================================================================
PERF FORMAT: DATASET | Acuracy: ACC | Loss: LOSS1 LOSS2 LOSS3 | PS: PS
====================================================================================================
Train | Acuracy:  91.04% | Loss: 0.31709 0.01369 0.00227 | PS: 0.00171 
Val   | Acuracy:  90.97% | Loss: 0.32084 0.01389 0.0023 | PS: 0.0015 
Test  | Acuracy:  91.36% | Loss: 0.30664 0.01318 0.0022 | PS: 0.00202 
----------------------------------------------------------------------------------------------------
Optimization error  : 0.00171
Population error    : 0.00202
Generalization error: 0.0003
