Namespace(batch_size=64, beta_moco=0.1, gamma_moco=0.1, gamma_modo=0.1, lr=5.0, moo_method='MGDA', num_epochs=1000, rho_moco=0.0, rho_modo=0.0, seed=8)

==================================================
Model parameter count per layer
==================================================
fc1.weight 	: 401408
fc1.bias 	: 512
fc2.weight 	: 5120
fc2.bias 	: 10
Total number of parametrs : 407050
--------------------------------------------------

====================================================================================================
LOG FORMAT: Epoch: EPOCH | Train: LOSS1 LOSS2 LOSS3 | Test: LOSS1 LOSS2 LOSS3 | Error: POP OPT GEN
====================================================================================================
Epoch:      0 | Train: 2.3556 0.0911 0.0132 | Test: 2.3569 0.0911 0.0132 | Error: 0.00332 0.00325 7e-05
Epoch:     50 | Train: 1.2648 0.0536 0.0089 | Test: 1.2477 0.0529 0.0088 | Error: 0.0049 0.00474 0.00016
Epoch:    100 | Train: 0.7301 0.0318 0.0057 | Test: 0.7048 0.0306 0.0056 | Error: 0.00342 0.0033 0.00012
Epoch:    150 | Train: 0.5372 0.0232 0.0042 | Test: 0.5135 0.0221 0.0041 | Error: 0.00326 0.00286 0.0004
Epoch:    200 | Train: 0.4658 0.0201 0.0035 | Test: 0.443 0.019 0.0033 | Error: 0.00216 0.00208 8e-05
Epoch:    250 | Train: 0.4319 0.0184 0.0031 | Test: 0.4099 0.0174 0.003 | Error: 0.00209 0.00189 0.0002
Epoch:    300 | Train: 0.4158 0.0175 0.0029 | Test: 0.3938 0.0165 0.0027 | Error: 0.00214 0.00192 0.00023
Epoch:    350 | Train: 0.4168 0.0175 0.0028 | Test: 0.3938 0.0166 0.0026 | Error: 0.00314 0.00299 0.00014
Epoch:    400 | Train: 0.3987 0.0163 0.0025 | Test: 0.3777 0.0154 0.0024 | Error: 0.0015 0.00119 0.00032
Epoch:    450 | Train: 0.4023 0.0163 0.0025 | Test: 0.3805 0.0154 0.0024 | Error: 0.00207 0.002 8e-05
Epoch:    500 | Train: 0.3884 0.0157 0.0024 | Test: 0.3707 0.015 0.0023 | Error: 0.00167 0.00163 4e-05
Epoch:    550 | Train: 0.3891 0.0154 0.0023 | Test: 0.3704 0.0147 0.0022 | Error: 0.00166 0.00137 0.0003
Epoch:    600 | Train: 0.3804 0.0151 0.0022 | Test: 0.361 0.0144 0.0021 | Error: 0.00129 0.00125 4e-05
Epoch:    650 | Train: 0.3861 0.015 0.0022 | Test: 0.3655 0.0143 0.0021 | Error: 0.00191 0.00156 0.00035
Epoch:    700 | Train: 0.3819 0.0148 0.0021 | Test: 0.3618 0.014 0.0021 | Error: 0.00152 0.00128 0.00024
Epoch:    750 | Train: 0.3799 0.0145 0.0021 | Test: 0.3603 0.0138 0.002 | Error: 0.00108 0.00082 0.00025
Epoch:    800 | Train: 0.3843 0.0146 0.0021 | Test: 0.3657 0.0139 0.002 | Error: 0.00192 0.00162 0.0003
Epoch:    850 | Train: 0.3811 0.0144 0.002 | Test: 0.3683 0.0139 0.002 | Error: 0.0013 0.00096 0.00033
Epoch:    900 | Train: 0.381 0.0143 0.002 | Test: 0.3596 0.0135 0.0019 | Error: 0.00135 0.00154 -0.00019
Epoch:    950 | Train: 0.3805 0.0142 0.002 | Test: 0.3621 0.0135 0.0019 | Error: 0.00138 0.00143 -5e-05
Epoch:  1,000 | Train: 0.3762 0.0139 0.002 | Test: 0.3587 0.0133 0.0019 | Error: 0.00113 0.00078 0.00035

====================================================================================================
PERF FORMAT: DATASET | Acuracy: ACC | Loss: LOSS1 LOSS2 LOSS3 | PS: PS
====================================================================================================
Train | Acuracy:  90.91% | Loss: 0.37622 0.01393 0.00196 | PS: 0.00078 
Val   | Acuracy:  90.20% | Loss: 0.40269 0.01483 0.00206 | PS: 0.00102 
Test  | Acuracy:  91.24% | Loss: 0.35874 0.01334 0.00188 | PS: 0.00113 
----------------------------------------------------------------------------------------------------
Optimization error  : 0.00078
Population error    : 0.00113
Generalization error: 0.00035
