Namespace(batch_size=64, beta_moco=0.1, gamma_moco=0.1, gamma_modo=0.1, lr=5.0, moo_method='MGDA', num_epochs=1000, rho_moco=0.0, rho_modo=0.0, seed=1)

==================================================
Model parameter count per layer
==================================================
fc1.weight 	: 401408
fc1.bias 	: 512
fc2.weight 	: 5120
fc2.bias 	: 10
Total number of parametrs : 407050
--------------------------------------------------

====================================================================================================
LOG FORMAT: Epoch: EPOCH | Train: LOSS1 LOSS2 LOSS3 | Test: LOSS1 LOSS2 LOSS3 | Error: POP OPT GEN
====================================================================================================
Epoch:      0 | Train: 2.3577 0.0911 0.0131 | Test: 2.3601 0.0912 0.0132 | Error: 0.00341 0.00327 0.00014
Epoch:     50 | Train: 1.2673 0.0531 0.0086 | Test: 1.2529 0.0525 0.0085 | Error: 0.00452 0.00449 3e-05
Epoch:    100 | Train: 0.7556 0.0332 0.0058 | Test: 0.7321 0.0322 0.0057 | Error: 0.00359 0.00343 0.00016
Epoch:    150 | Train: 0.5502 0.0241 0.0043 | Test: 0.5241 0.0229 0.0041 | Error: 0.00291 0.00274 0.00017
Epoch:    200 | Train: 0.4794 0.0206 0.0036 | Test: 0.4576 0.0196 0.0034 | Error: 0.00269 0.00234 0.00035
Epoch:    250 | Train: 0.4404 0.0189 0.0032 | Test: 0.4132 0.0177 0.003 | Error: 0.00174 0.00175 -1e-05
Epoch:    300 | Train: 0.4219 0.0179 0.0029 | Test: 0.3957 0.0169 0.0028 | Error: 0.00204 0.00186 0.00018
Epoch:    350 | Train: 0.4089 0.0171 0.0027 | Test: 0.3867 0.0163 0.0026 | Error: 0.00221 0.00195 0.00026
Epoch:    400 | Train: 0.4028 0.0166 0.0026 | Test: 0.379 0.0157 0.0025 | Error: 0.00182 0.00163 0.00019
Epoch:    450 | Train: 0.4001 0.0163 0.0025 | Test: 0.3774 0.0155 0.0024 | Error: 0.00265 0.00239 0.00026
Epoch:    500 | Train: 0.3946 0.0159 0.0024 | Test: 0.3724 0.0151 0.0023 | Error: 0.0016 0.00143 0.00017
Epoch:    550 | Train: 0.3946 0.0157 0.0023 | Test: 0.3728 0.0149 0.0022 | Error: 0.00186 0.00156 0.0003
Epoch:    600 | Train: 0.3899 0.0154 0.0023 | Test: 0.3657 0.0145 0.0022 | Error: 0.0012 0.00116 4e-05
Epoch:    650 | Train: 0.3853 0.015 0.0022 | Test: 0.3618 0.0142 0.0021 | Error: 0.00139 0.00116 0.00022
Epoch:    700 | Train: 0.3872 0.0148 0.0022 | Test: 0.3626 0.014 0.0021 | Error: 0.00115 0.00088 0.00027
Epoch:    750 | Train: 0.393 0.0149 0.0021 | Test: 0.366 0.014 0.002 | Error: 0.00148 0.00131 0.00016
Epoch:    800 | Train: 0.3982 0.015 0.0022 | Test: 0.3774 0.0143 0.0021 | Error: 0.0026 0.00243 0.00017
Epoch:    850 | Train: 0.3863 0.0144 0.0021 | Test: 0.3634 0.0137 0.002 | Error: 0.00096 0.00082 0.00014
Epoch:    900 | Train: 0.396 0.0145 0.0021 | Test: 0.3748 0.0138 0.002 | Error: 0.0019 0.00168 0.00022
Epoch:    950 | Train: 0.388 0.0142 0.002 | Test: 0.3692 0.0137 0.0019 | Error: 0.00102 0.00074 0.00028
Epoch:  1,000 | Train: 0.3909 0.0142 0.002 | Test: 0.3695 0.0137 0.0019 | Error: 0.00148 0.00107 0.0004

====================================================================================================
PERF FORMAT: DATASET | Acuracy: ACC | Loss: LOSS1 LOSS2 LOSS3 | PS: PS
====================================================================================================
Train | Acuracy:  90.71% | Loss: 0.39092 0.01421 0.00198 | PS: 0.00107 
Val   | Acuracy:  90.54% | Loss: 0.38746 0.01455 0.00202 | PS: 0.00105 
Test  | Acuracy:  90.90% | Loss: 0.36946 0.01367 0.00191 | PS: 0.00148 
----------------------------------------------------------------------------------------------------
Optimization error  : 0.00107
Population error    : 0.00148
Generalization error: 0.0004
