Namespace(batch_size=64, beta_moco=0.1, gamma_moco=0.1, gamma_modo=0.1, lr=5.0, moo_method='MGDA', num_epochs=1000, rho_moco=0.0, rho_modo=0.0, seed=2)

==================================================
Model parameter count per layer
==================================================
fc1.weight 	: 401408
fc1.bias 	: 512
fc2.weight 	: 5120
fc2.bias 	: 10
Total number of parametrs : 407050
--------------------------------------------------

====================================================================================================
LOG FORMAT: Epoch: EPOCH | Train: LOSS1 LOSS2 LOSS3 | Test: LOSS1 LOSS2 LOSS3 | Error: POP OPT GEN
====================================================================================================
Epoch:      0 | Train: 2.2838 0.0897 0.013 | Test: 2.2852 0.0897 0.013 | Error: 0.00373 0.00365 8e-05
Epoch:     50 | Train: 1.1716 0.0494 0.0083 | Test: 1.159 0.0489 0.0083 | Error: 0.00481 0.00471 0.0001
Epoch:    100 | Train: 0.7528 0.0329 0.0056 | Test: 0.73 0.0319 0.0055 | Error: 0.00351 0.00322 0.00029
Epoch:    150 | Train: 0.5594 0.0248 0.0043 | Test: 0.5323 0.0234 0.0041 | Error: 0.00254 0.00233 0.00021
Epoch:    200 | Train: 0.4911 0.0215 0.0037 | Test: 0.4655 0.0203 0.0035 | Error: 0.00439 0.00424 0.00015
Epoch:    250 | Train: 0.4398 0.019 0.0032 | Test: 0.4154 0.0178 0.003 | Error: 0.00279 0.00247 0.00032
Epoch:    300 | Train: 0.4203 0.0178 0.0029 | Test: 0.3961 0.0167 0.0027 | Error: 0.00193 0.00191 2e-05
Epoch:    350 | Train: 0.4035 0.0171 0.0027 | Test: 0.3784 0.0158 0.0026 | Error: 0.00222 0.00233 -0.00012
Epoch:    400 | Train: 0.3951 0.0165 0.0026 | Test: 0.3732 0.0154 0.0024 | Error: 0.00175 0.00149 0.00026
Epoch:    450 | Train: 0.3923 0.016 0.0025 | Test: 0.3731 0.0151 0.0024 | Error: 0.00177 0.00135 0.00042
Epoch:    500 | Train: 0.3899 0.0158 0.0024 | Test: 0.366 0.0148 0.0023 | Error: 0.00191 0.00204 -0.00013
Epoch:    550 | Train: 0.3839 0.0154 0.0023 | Test: 0.3647 0.0147 0.0022 | Error: 0.00205 0.00167 0.00038
Epoch:    600 | Train: 0.3803 0.0152 0.0023 | Test: 0.3584 0.0143 0.0021 | Error: 0.00156 0.00165 -8e-05
Epoch:    650 | Train: 0.38 0.0149 0.0022 | Test: 0.3631 0.0143 0.0021 | Error: 0.00193 0.0016 0.00033
Epoch:    700 | Train: 0.3835 0.0149 0.0022 | Test: 0.3661 0.0142 0.0021 | Error: 0.00196 0.00169 0.00027
Epoch:    750 | Train: 0.3775 0.0146 0.0021 | Test: 0.3586 0.0138 0.002 | Error: 0.00103 0.0009 0.00013
Epoch:    800 | Train: 0.3776 0.0145 0.0021 | Test: 0.3588 0.0138 0.002 | Error: 0.00158 0.00134 0.00023
Epoch:    850 | Train: 0.3809 0.0145 0.0021 | Test: 0.3612 0.0138 0.002 | Error: 0.00186 0.00154 0.00031
Epoch:    900 | Train: 0.3799 0.0144 0.002 | Test: 0.362 0.0138 0.002 | Error: 0.00167 0.00138 0.0003
Epoch:    950 | Train: 0.375 0.014 0.002 | Test: 0.3604 0.0136 0.0019 | Error: 0.00159 0.00114 0.00045
Epoch:  1,000 | Train: 0.3809 0.014 0.002 | Test: 0.3673 0.0135 0.0019 | Error: 0.00151 0.00132 0.00019

====================================================================================================
PERF FORMAT: DATASET | Acuracy: ACC | Loss: LOSS1 LOSS2 LOSS3 | PS: PS
====================================================================================================
Train | Acuracy:  90.84% | Loss: 0.38088 0.01404 0.00198 | PS: 0.00132 
Val   | Acuracy:  90.42% | Loss: 0.39818 0.01467 0.00204 | PS: 0.00144 
Test  | Acuracy:  91.14% | Loss: 0.36726 0.01355 0.0019 | PS: 0.00151 
----------------------------------------------------------------------------------------------------
Optimization error  : 0.00132
Population error    : 0.00151
Generalization error: 0.00019
