Namespace(batch_size=64, beta_moco=0.1, gamma_moco=0.1, gamma_modo=0.1, lr=5.0, moo_method='MGDA', num_epochs=1000, rho_moco=0.0, rho_modo=0.0, seed=5)

==================================================
Model parameter count per layer
==================================================
fc1.weight 	: 401408
fc1.bias 	: 512
fc2.weight 	: 5120
fc2.bias 	: 10
Total number of parametrs : 407050
--------------------------------------------------

====================================================================================================
LOG FORMAT: Epoch: EPOCH | Train: LOSS1 LOSS2 LOSS3 | Test: LOSS1 LOSS2 LOSS3 | Error: POP OPT GEN
====================================================================================================
Epoch:      0 | Train: 2.3112 0.0903 0.0131 | Test: 2.3147 0.0904 0.0131 | Error: 0.00355 0.00343 0.00012
Epoch:     50 | Train: 1.2106 0.0516 0.0085 | Test: 1.1929 0.051 0.0085 | Error: 0.00475 0.00455 0.0002
Epoch:    100 | Train: 0.7397 0.0325 0.0056 | Test: 0.7131 0.0313 0.0055 | Error: 0.00374 0.00349 0.00026
Epoch:    150 | Train: 0.5432 0.0239 0.0043 | Test: 0.5183 0.0227 0.0041 | Error: 0.00348 0.00324 0.00024
Epoch:    200 | Train: 0.467 0.0202 0.0035 | Test: 0.446 0.0193 0.0034 | Error: 0.00225 0.00208 0.00017
Epoch:    250 | Train: 0.4328 0.0185 0.0031 | Test: 0.4152 0.0177 0.003 | Error: 0.00232 0.00177 0.00055
Epoch:    300 | Train: 0.4138 0.0174 0.0028 | Test: 0.3959 0.0166 0.0027 | Error: 0.00168 0.00126 0.00041
Epoch:    350 | Train: 0.4034 0.0168 0.0027 | Test: 0.3849 0.0159 0.0026 | Error: 0.00166 0.00143 0.00023
Epoch:    400 | Train: 0.4 0.0165 0.0026 | Test: 0.3813 0.0156 0.0025 | Error: 0.00225 0.00204 0.00021
Epoch:    450 | Train: 0.3978 0.0161 0.0025 | Test: 0.3805 0.0155 0.0024 | Error: 0.0027 0.00236 0.00033
Epoch:    500 | Train: 0.3947 0.0157 0.0024 | Test: 0.3789 0.0151 0.0023 | Error: 0.00229 0.002 0.00029
Epoch:    550 | Train: 0.3944 0.0158 0.0024 | Test: 0.3768 0.0151 0.0022 | Error: 0.00256 0.00249 7e-05
Epoch:    600 | Train: 0.3864 0.0152 0.0023 | Test: 0.37 0.0146 0.0022 | Error: 0.00208 0.00178 0.0003
Epoch:    650 | Train: 0.3828 0.0148 0.0022 | Test: 0.3654 0.0141 0.0021 | Error: 0.00135 0.00128 7e-05
Epoch:    700 | Train: 0.3782 0.0145 0.0021 | Test: 0.3594 0.014 0.002 | Error: 0.00128 0.00105 0.00022
Epoch:    750 | Train: 0.3881 0.0147 0.0021 | Test: 0.3674 0.014 0.002 | Error: 0.00139 0.00155 -0.00016
Epoch:    800 | Train: 0.3817 0.0143 0.0021 | Test: 0.3644 0.0138 0.002 | Error: 0.00118 0.00087 0.00031
Epoch:    850 | Train: 0.3799 0.0143 0.002 | Test: 0.3604 0.0137 0.002 | Error: 0.00135 0.00152 -0.00017
Epoch:    900 | Train: 0.3814 0.0142 0.002 | Test: 0.3704 0.0139 0.002 | Error: 0.00159 0.00123 0.00035
Epoch:    950 | Train: 0.3825 0.014 0.002 | Test: 0.3683 0.0135 0.0019 | Error: 0.00184 0.00154 0.00031
Epoch:  1,000 | Train: 0.3775 0.0139 0.0019 | Test: 0.3637 0.0134 0.0019 | Error: 0.0012 0.00099 0.00021

====================================================================================================
PERF FORMAT: DATASET | Acuracy: ACC | Loss: LOSS1 LOSS2 LOSS3 | PS: PS
====================================================================================================
Train | Acuracy:  90.89% | Loss: 0.37747 0.01386 0.00194 | PS: 0.00099 
Val   | Acuracy:  89.89% | Loss: 0.41542 0.01545 0.00212 | PS: 0.00128 
Test  | Acuracy:  91.20% | Loss: 0.36366 0.01343 0.00188 | PS: 0.0012 
----------------------------------------------------------------------------------------------------
Optimization error  : 0.00099
Population error    : 0.0012
Generalization error: 0.00021
