Namespace(batch_size=64, beta_moco=0.1, gamma_moco=0.1, gamma_modo=1.0, lr=1.0, moo_method='MoDo', num_epochs=1000, rho_moco=0.0, rho_modo=0.0, seed=4)

==================================================
Model parameter count per layer
==================================================
fc1.weight 	: 401408
fc1.bias 	: 512
fc2.weight 	: 5120
fc2.bias 	: 10
Total number of parametrs : 407050
--------------------------------------------------

====================================================================================================
LOG FORMAT: Epoch: EPOCH | Train: LOSS1 LOSS2 LOSS3 | Test: LOSS1 LOSS2 LOSS3 | Error: POP OPT GEN
====================================================================================================
Epoch:      0 | Train: 2.3068 0.09 0.013 | Test: 2.3125 0.0901 0.013 | Error: 0.00343 0.00337 6e-05
Epoch:     50 | Train: 1.1657 0.0504 0.0086 | Test: 1.1549 0.05 0.0085 | Error: 0.00533 0.00524 9e-05
Epoch:    100 | Train: 0.7021 0.0304 0.0058 | Test: 0.6803 0.0294 0.0057 | Error: 0.00463 0.00451 0.00012
Epoch:    150 | Train: 0.5483 0.0235 0.0045 | Test: 0.5262 0.0224 0.0043 | Error: 0.00296 0.00285 0.00011
Epoch:    200 | Train: 0.466 0.02 0.0037 | Test: 0.4477 0.0191 0.0036 | Error: 0.00271 0.00271 -0.0
Epoch:    250 | Train: 0.4302 0.0184 0.0033 | Test: 0.4126 0.0176 0.0032 | Error: 0.00263 0.00269 -6e-05
Epoch:    300 | Train: 0.3999 0.0171 0.003 | Test: 0.3838 0.0164 0.0029 | Error: 0.0026 0.00235 0.00025
Epoch:    350 | Train: 0.3894 0.0165 0.0029 | Test: 0.3775 0.0159 0.0028 | Error: 0.00323 0.00267 0.00056
Epoch:    400 | Train: 0.3725 0.0157 0.0027 | Test: 0.3579 0.015 0.0026 | Error: 0.00187 0.00168 0.00019
Epoch:    450 | Train: 0.3681 0.0155 0.0027 | Test: 0.3529 0.0149 0.0026 | Error: 0.00194 0.00161 0.00033
Epoch:    500 | Train: 0.3704 0.0157 0.0027 | Test: 0.3603 0.0153 0.0026 | Error: 0.00416 0.00362 0.00054
Epoch:    550 | Train: 0.3538 0.0148 0.0025 | Test: 0.3421 0.0142 0.0024 | Error: 0.00186 0.00165 0.00022
Epoch:    600 | Train: 0.3509 0.0145 0.0025 | Test: 0.3384 0.0139 0.0024 | Error: 0.00156 0.00151 5e-05
Epoch:    650 | Train: 0.3452 0.0142 0.0024 | Test: 0.334 0.0136 0.0023 | Error: 0.00125 0.00128 -2e-05
Epoch:    700 | Train: 0.34 0.0142 0.0024 | Test: 0.3288 0.0137 0.0023 | Error: 0.00213 0.00202 0.00011
Epoch:    750 | Train: 0.3526 0.0145 0.0024 | Test: 0.3404 0.0138 0.0023 | Error: 0.00247 0.00217 0.0003
Epoch:    800 | Train: 0.3373 0.0139 0.0023 | Test: 0.3265 0.0133 0.0022 | Error: 0.00149 0.00144 5e-05
Epoch:    850 | Train: 0.3329 0.0138 0.0023 | Test: 0.3199 0.0133 0.0022 | Error: 0.00181 0.00155 0.00026
Epoch:    900 | Train: 0.3337 0.0139 0.0023 | Test: 0.3275 0.0135 0.0022 | Error: 0.00217 0.00173 0.00044
Epoch:    950 | Train: 0.3287 0.0136 0.0022 | Test: 0.3184 0.0132 0.0021 | Error: 0.00191 0.00177 0.00014
Epoch:  1,000 | Train: 0.3244 0.0133 0.0022 | Test: 0.3144 0.0129 0.0021 | Error: 0.00146 0.00123 0.00023

====================================================================================================
PERF FORMAT: DATASET | Acuracy: ACC | Loss: LOSS1 LOSS2 LOSS3 | PS: PS
====================================================================================================
Train | Acuracy:  91.28% | Loss: 0.32441 0.01333 0.00218 | PS: 0.00123 
Val   | Acuracy:  90.62% | Loss: 0.34152 0.01426 0.00229 | PS: 0.0012 
Test  | Acuracy:  91.56% | Loss: 0.31437 0.01294 0.0021 | PS: 0.00146 
----------------------------------------------------------------------------------------------------
Optimization error  : 0.00123
Population error    : 0.00146
Generalization error: 0.00023
