Namespace(batch_size=64, beta_moco=0.1, gamma_moco=0.1, gamma_modo=0.1, lr=0.1, moo_method='EW', num_epochs=1000, rho_moco=0.0, rho_modo=0.0, seed=9)

==================================================
Model parameter count per layer
==================================================
fc1.weight 	: 401408
fc1.bias 	: 512
fc2.weight 	: 5120
fc2.bias 	: 10
Total number of parametrs : 407050
--------------------------------------------------

====================================================================================================
LOG FORMAT: Epoch: EPOCH | Train: LOSS1 LOSS2 LOSS3 | Test: LOSS1 LOSS2 LOSS3 | Error: POP OPT GEN
====================================================================================================
Epoch:      0 | Train: 2.3789 0.0915 0.0132 | Test: 2.3839 0.0916 0.0132 | Error: 0.00322 0.00312 0.0001
Epoch:     50 | Train: 0.7943 0.0349 0.0066 | Test: 0.7716 0.0339 0.0065 | Error: 0.00511 0.00481 0.00031
Epoch:    100 | Train: 0.5675 0.025 0.0047 | Test: 0.5438 0.0238 0.0045 | Error: 0.00427 0.00392 0.00035
Epoch:    150 | Train: 0.4769 0.0208 0.0039 | Test: 0.4556 0.0198 0.0037 | Error: 0.00303 0.00253 0.0005
Epoch:    200 | Train: 0.4366 0.019 0.0035 | Test: 0.4144 0.0179 0.0033 | Error: 0.00285 0.00267 0.00018
Epoch:    250 | Train: 0.4079 0.0178 0.0032 | Test: 0.3875 0.0168 0.0031 | Error: 0.00233 0.00247 -0.00015
Epoch:    300 | Train: 0.3897 0.0171 0.0031 | Test: 0.372 0.0162 0.0029 | Error: 0.00252 0.00234 0.00018
Epoch:    350 | Train: 0.3759 0.0163 0.0029 | Test: 0.3605 0.0155 0.0028 | Error: 0.00215 0.00202 0.00014
Epoch:    400 | Train: 0.3659 0.0159 0.0028 | Test: 0.3513 0.0151 0.0027 | Error: 0.00275 0.00228 0.00047
Epoch:    450 | Train: 0.358 0.0157 0.0027 | Test: 0.3401 0.0148 0.0026 | Error: 0.0021 0.00227 -0.00017
Epoch:    500 | Train: 0.3526 0.0153 0.0026 | Test: 0.3392 0.0146 0.0025 | Error: 0.00225 0.00215 0.0001
Epoch:    550 | Train: 0.3441 0.015 0.0026 | Test: 0.3299 0.0142 0.0025 | Error: 0.00208 0.00179 0.00029
Epoch:    600 | Train: 0.3386 0.0147 0.0025 | Test: 0.3267 0.0141 0.0024 | Error: 0.00186 0.00159 0.00027
Epoch:    650 | Train: 0.3359 0.0146 0.0025 | Test: 0.3215 0.0138 0.0024 | Error: 0.00191 0.00206 -0.00015
Epoch:    700 | Train: 0.3331 0.0144 0.0025 | Test: 0.3188 0.0137 0.0023 | Error: 0.00202 0.00193 9e-05
Epoch:    750 | Train: 0.3348 0.0146 0.0025 | Test: 0.3255 0.014 0.0024 | Error: 0.00375 0.00341 0.00034
Epoch:    800 | Train: 0.3259 0.0142 0.0024 | Test: 0.3153 0.0136 0.0023 | Error: 0.00257 0.00231 0.00026
Epoch:    850 | Train: 0.3246 0.0141 0.0024 | Test: 0.3132 0.0135 0.0022 | Error: 0.00215 0.00206 9e-05
Epoch:    900 | Train: 0.3168 0.0136 0.0023 | Test: 0.3063 0.0131 0.0022 | Error: 0.00176 0.00145 0.0003
Epoch:    950 | Train: 0.3168 0.0137 0.0023 | Test: 0.3051 0.0131 0.0022 | Error: 0.00176 0.00157 0.00019
Epoch:  1,000 | Train: 0.3165 0.0138 0.0023 | Test: 0.3042 0.0131 0.0022 | Error: 0.00238 0.00235 2e-05

====================================================================================================
PERF FORMAT: DATASET | Acuracy: ACC | Loss: LOSS1 LOSS2 LOSS3 | PS: PS
====================================================================================================
Train | Acuracy:  90.86% | Loss: 0.31648 0.01381 0.00228 | PS: 0.00235 
Val   | Acuracy:  90.64% | Loss: 0.32667 0.01422 0.00232 | PS: 0.00252 
Test  | Acuracy:  91.37% | Loss: 0.30423 0.01314 0.00218 | PS: 0.00238 
----------------------------------------------------------------------------------------------------
Optimization error  : 0.00235
Population error    : 0.00238
Generalization error: 2e-05
