Namespace(batch_size=64, beta_moco=0.1, gamma_moco=0.1, gamma_modo=0.1, lr=0.1, moo_method='EW', num_epochs=1000, rho_moco=0.0, rho_modo=0.0, seed=8)

==================================================
Model parameter count per layer
==================================================
fc1.weight 	: 401408
fc1.bias 	: 512
fc2.weight 	: 5120
fc2.bias 	: 10
Total number of parametrs : 407050
--------------------------------------------------

====================================================================================================
LOG FORMAT: Epoch: EPOCH | Train: LOSS1 LOSS2 LOSS3 | Test: LOSS1 LOSS2 LOSS3 | Error: POP OPT GEN
====================================================================================================
Epoch:      0 | Train: 2.3556 0.0911 0.0132 | Test: 2.3569 0.0911 0.0132 | Error: 0.00332 0.00325 7e-05
Epoch:     50 | Train: 0.7852 0.0344 0.0066 | Test: 0.7634 0.0336 0.0065 | Error: 0.00633 0.00616 0.00017
Epoch:    100 | Train: 0.5495 0.0238 0.0046 | Test: 0.5295 0.0229 0.0045 | Error: 0.00394 0.00368 0.00026
Epoch:    150 | Train: 0.4765 0.0208 0.0039 | Test: 0.4598 0.0201 0.0038 | Error: 0.00472 0.00413 0.00059
Epoch:    200 | Train: 0.4265 0.0186 0.0034 | Test: 0.4098 0.0178 0.0033 | Error: 0.00245 0.00219 0.00026
Epoch:    250 | Train: 0.4029 0.0175 0.0032 | Test: 0.3863 0.0167 0.0031 | Error: 0.00284 0.00271 0.00013
Epoch:    300 | Train: 0.3871 0.0169 0.003 | Test: 0.3732 0.0161 0.0029 | Error: 0.00296 0.00272 0.00024
Epoch:    350 | Train: 0.377 0.0166 0.0029 | Test: 0.3608 0.0158 0.0028 | Error: 0.00283 0.00278 4e-05
Epoch:    400 | Train: 0.3637 0.0159 0.0027 | Test: 0.3512 0.0151 0.0026 | Error: 0.00215 0.00195 0.0002
Epoch:    450 | Train: 0.3614 0.0158 0.0027 | Test: 0.3488 0.015 0.0026 | Error: 0.0026 0.00251 9e-05
Epoch:    500 | Train: 0.3463 0.0151 0.0026 | Test: 0.3367 0.0145 0.0025 | Error: 0.00184 0.00177 7e-05
Epoch:    550 | Train: 0.3461 0.0151 0.0026 | Test: 0.3389 0.0146 0.0025 | Error: 0.00247 0.00231 0.00016
Epoch:    600 | Train: 0.3413 0.0148 0.0025 | Test: 0.3349 0.0143 0.0024 | Error: 0.00289 0.00258 0.00031
Epoch:    650 | Train: 0.3384 0.0148 0.0025 | Test: 0.3315 0.0143 0.0024 | Error: 0.00391 0.00354 0.00038
Epoch:    700 | Train: 0.3254 0.0142 0.0024 | Test: 0.3171 0.0138 0.0023 | Error: 0.0018 0.00143 0.00037
Epoch:    750 | Train: 0.3227 0.0139 0.0023 | Test: 0.3163 0.0135 0.0023 | Error: 0.00167 0.00144 0.00022
Epoch:    800 | Train: 0.3232 0.014 0.0024 | Test: 0.3158 0.0134 0.0023 | Error: 0.00196 0.00194 2e-05
Epoch:    850 | Train: 0.319 0.0138 0.0023 | Test: 0.3152 0.0135 0.0022 | Error: 0.0016 0.00136 0.00024
Epoch:    900 | Train: 0.3184 0.0139 0.0023 | Test: 0.308 0.0133 0.0022 | Error: 0.00207 0.00215 -7e-05
Epoch:    950 | Train: 0.3258 0.0142 0.0024 | Test: 0.3174 0.0137 0.0023 | Error: 0.00326 0.00337 -0.0001
Epoch:  1,000 | Train: 0.3107 0.0135 0.0023 | Test: 0.3031 0.013 0.0022 | Error: 0.00165 0.00153 0.00012

====================================================================================================
PERF FORMAT: DATASET | Acuracy: ACC | Loss: LOSS1 LOSS2 LOSS3 | PS: PS
====================================================================================================
Train | Acuracy:  91.07% | Loss: 0.31067 0.01352 0.00226 | PS: 0.00153 
Val   | Acuracy:  90.61% | Loss: 0.33852 0.01438 0.00234 | PS: 0.00155 
Test  | Acuracy:  91.54% | Loss: 0.30311 0.01302 0.00218 | PS: 0.00165 
----------------------------------------------------------------------------------------------------
Optimization error  : 0.00153
Population error    : 0.00165
Generalization error: 0.00012
