Namespace(batch_size=64, beta_moco=0.1, gamma_moco=0.1, gamma_modo=0.1, lr=0.1, moo_method='EW', num_epochs=1000, rho_moco=0.0, rho_modo=0.0, seed=0)

==================================================
Model parameter count per layer
==================================================
fc1.weight 	: 401408
fc1.bias 	: 512
fc2.weight 	: 5120
fc2.bias 	: 10
Total number of parametrs : 407050
--------------------------------------------------

====================================================================================================
LOG FORMAT: Epoch: EPOCH | Train: LOSS1 LOSS2 LOSS3 | Test: LOSS1 LOSS2 LOSS3 | Error: POP OPT GEN
====================================================================================================
Epoch:      0 | Train: 2.3229 0.0905 0.0131 | Test: 2.3241 0.0905 0.0131 | Error: 0.00334 0.00324 0.0001
Epoch:     50 | Train: 0.7938 0.0348 0.0065 | Test: 0.7716 0.0339 0.0064 | Error: 0.0044 0.00422 0.00018
Epoch:    100 | Train: 0.5569 0.0242 0.0046 | Test: 0.5346 0.0232 0.0045 | Error: 0.00347 0.00334 0.00013
Epoch:    150 | Train: 0.4764 0.0208 0.0039 | Test: 0.4536 0.0198 0.0038 | Error: 0.00367 0.00325 0.00042
Epoch:    200 | Train: 0.4341 0.019 0.0035 | Test: 0.4133 0.018 0.0033 | Error: 0.00316 0.00324 -8e-05
Epoch:    250 | Train: 0.408 0.0179 0.0032 | Test: 0.3925 0.0171 0.0031 | Error: 0.00344 0.00283 0.00061
Epoch:    300 | Train: 0.3891 0.017 0.003 | Test: 0.3719 0.0161 0.0029 | Error: 0.00241 0.00232 0.0001
Epoch:    350 | Train: 0.3725 0.0161 0.0028 | Test: 0.3554 0.0153 0.0027 | Error: 0.00211 0.00176 0.00035
Epoch:    400 | Train: 0.367 0.0158 0.0027 | Test: 0.3519 0.015 0.0026 | Error: 0.00274 0.00239 0.00034
Epoch:    450 | Train: 0.3575 0.0154 0.0027 | Test: 0.3443 0.0148 0.0026 | Error: 0.00198 0.00164 0.00034
Epoch:    500 | Train: 0.3533 0.0153 0.0026 | Test: 0.3367 0.0145 0.0025 | Error: 0.0021 0.00213 -3e-05
Epoch:    550 | Train: 0.3447 0.0149 0.0026 | Test: 0.3289 0.0141 0.0024 | Error: 0.00154 0.00141 0.00013
Epoch:    600 | Train: 0.3463 0.015 0.0026 | Test: 0.3347 0.0145 0.0025 | Error: 0.00296 0.00249 0.00047
Epoch:    650 | Train: 0.3344 0.0145 0.0025 | Test: 0.318 0.0138 0.0024 | Error: 0.00139 0.00122 0.00017
Epoch:    700 | Train: 0.3336 0.0145 0.0025 | Test: 0.3167 0.0137 0.0023 | Error: 0.00205 0.00228 -0.00023
Epoch:    750 | Train: 0.3323 0.0142 0.0024 | Test: 0.3203 0.0136 0.0023 | Error: 0.00235 0.00209 0.00025
Epoch:    800 | Train: 0.3255 0.014 0.0024 | Test: 0.3121 0.0134 0.0023 | Error: 0.0019 0.00162 0.00028
Epoch:    850 | Train: 0.3342 0.0146 0.0024 | Test: 0.3228 0.014 0.0023 | Error: 0.00405 0.00383 0.00022
Epoch:    900 | Train: 0.3215 0.0139 0.0023 | Test: 0.3077 0.0132 0.0022 | Error: 0.00205 0.00174 0.00031
Epoch:    950 | Train: 0.3192 0.0137 0.0023 | Test: 0.3068 0.0131 0.0022 | Error: 0.0017 0.0017 1e-05
Epoch:  1,000 | Train: 0.3166 0.0137 0.0023 | Test: 0.3045 0.0132 0.0022 | Error: 0.00192 0.0019 2e-05

====================================================================================================
PERF FORMAT: DATASET | Acuracy: ACC | Loss: LOSS1 LOSS2 LOSS3 | PS: PS
====================================================================================================
Train | Acuracy:  90.97% | Loss: 0.31658 0.01371 0.00228 | PS: 0.0019 
Val   | Acuracy:  90.76% | Loss: 0.32453 0.01416 0.00233 | PS: 0.0019 
Test  | Acuracy:  91.29% | Loss: 0.30453 0.01318 0.00218 | PS: 0.00192 
----------------------------------------------------------------------------------------------------
Optimization error  : 0.0019
Population error    : 0.00192
Generalization error: 2e-05
