Namespace(batch_size=64, beta_moco=0.1, gamma_moco=0.1, gamma_modo=0.1, lr=5.0, moo_method='MGDA', num_epochs=1000, rho_moco=0.0, rho_modo=0.0, seed=4)

==================================================
Model parameter count per layer
==================================================
fc1.weight 	: 401408
fc1.bias 	: 512
fc2.weight 	: 5120
fc2.bias 	: 10
Total number of parametrs : 407050
--------------------------------------------------

====================================================================================================
LOG FORMAT: Epoch: EPOCH | Train: LOSS1 LOSS2 LOSS3 | Test: LOSS1 LOSS2 LOSS3 | Error: POP OPT GEN
====================================================================================================
Epoch:      0 | Train: 2.3068 0.09 0.013 | Test: 2.3125 0.0901 0.013 | Error: 0.00343 0.00337 6e-05
Epoch:     50 | Train: 1.2706 0.0523 0.0084 | Test: 1.2656 0.0522 0.0084 | Error: 0.00465 0.00452 0.00014
Epoch:    100 | Train: 0.7595 0.0336 0.0058 | Test: 0.742 0.0329 0.0057 | Error: 0.00379 0.00356 0.00023
Epoch:    150 | Train: 0.5351 0.0231 0.0042 | Test: 0.5121 0.022 0.0041 | Error: 0.00265 0.00236 0.0003
Epoch:    200 | Train: 0.4754 0.0202 0.0035 | Test: 0.4507 0.0191 0.0034 | Error: 0.00333 0.00298 0.00035
Epoch:    250 | Train: 0.4399 0.0187 0.0031 | Test: 0.4152 0.0176 0.003 | Error: 0.00277 0.00255 0.00022
Epoch:    300 | Train: 0.4181 0.0175 0.0029 | Test: 0.3945 0.0165 0.0027 | Error: 0.00254 0.00229 0.00025
Epoch:    350 | Train: 0.4097 0.017 0.0027 | Test: 0.3826 0.016 0.0025 | Error: 0.00202 0.00218 -0.00016
Epoch:    400 | Train: 0.4032 0.0165 0.0026 | Test: 0.3778 0.0155 0.0024 | Error: 0.00205 0.002 5e-05
Epoch:    450 | Train: 0.3944 0.0158 0.0024 | Test: 0.3699 0.015 0.0023 | Error: 0.0018 0.00167 0.00014
Epoch:    500 | Train: 0.3887 0.0155 0.0024 | Test: 0.3642 0.0147 0.0022 | Error: 0.00166 0.00142 0.00024
Epoch:    550 | Train: 0.3923 0.0154 0.0023 | Test: 0.3717 0.0147 0.0022 | Error: 0.00238 0.00191 0.00048
Epoch:    600 | Train: 0.384 0.015 0.0022 | Test: 0.3613 0.0142 0.0021 | Error: 0.00153 0.00144 8e-05
Epoch:    650 | Train: 0.3854 0.0149 0.0022 | Test: 0.361 0.014 0.0021 | Error: 0.00159 0.00144 0.00016
Epoch:    700 | Train: 0.3809 0.0146 0.0021 | Test: 0.3588 0.0138 0.002 | Error: 0.00113 0.00079 0.00033
Epoch:    750 | Train: 0.3803 0.0145 0.0021 | Test: 0.3609 0.0138 0.002 | Error: 0.00148 0.00135 0.00013
Epoch:    800 | Train: 0.3859 0.0145 0.0021 | Test: 0.3671 0.0139 0.002 | Error: 0.00184 0.00155 0.00029
Epoch:    850 | Train: 0.3827 0.0142 0.002 | Test: 0.3642 0.0136 0.0019 | Error: 0.00109 0.00073 0.00036
Epoch:    900 | Train: 0.3892 0.0144 0.002 | Test: 0.3718 0.0139 0.002 | Error: 0.00196 0.00186 0.00011
Epoch:    950 | Train: 0.3814 0.014 0.002 | Test: 0.3627 0.0134 0.0019 | Error: 0.00116 0.00089 0.00026
Epoch:  1,000 | Train: 0.386 0.014 0.0019 | Test: 0.3664 0.0133 0.0019 | Error: 0.00104 0.00089 0.00015

====================================================================================================
PERF FORMAT: DATASET | Acuracy: ACC | Loss: LOSS1 LOSS2 LOSS3 | PS: PS
====================================================================================================
Train | Acuracy:  90.88% | Loss: 0.38599 0.01396 0.00195 | PS: 0.00089 
Val   | Acuracy:  90.02% | Loss: 0.40081 0.015 0.00208 | PS: 0.00111 
Test  | Acuracy:  91.41% | Loss: 0.36644 0.01331 0.00187 | PS: 0.00104 
----------------------------------------------------------------------------------------------------
Optimization error  : 0.00089
Population error    : 0.00104
Generalization error: 0.00015
