Namespace(batch_size=64, beta_moco=0.1, gamma_moco=0.1, gamma_modo=0.1, lr=5.0, moo_method='MGDA', num_epochs=1000, rho_moco=0.0, rho_modo=0.0, seed=3)

==================================================
Model parameter count per layer
==================================================
fc1.weight 	: 401408
fc1.bias 	: 512
fc2.weight 	: 5120
fc2.bias 	: 10
Total number of parametrs : 407050
--------------------------------------------------

====================================================================================================
LOG FORMAT: Epoch: EPOCH | Train: LOSS1 LOSS2 LOSS3 | Test: LOSS1 LOSS2 LOSS3 | Error: POP OPT GEN
====================================================================================================
Epoch:      0 | Train: 2.3215 0.0903 0.0131 | Test: 2.3254 0.0904 0.0131 | Error: 0.00378 0.00369 9e-05
Epoch:     50 | Train: 1.2291 0.0523 0.0086 | Test: 1.2113 0.0517 0.0085 | Error: 0.00446 0.00423 0.00023
Epoch:    100 | Train: 0.7086 0.0312 0.0056 | Test: 0.6805 0.0299 0.0054 | Error: 0.00333 0.00311 0.00021
Epoch:    150 | Train: 0.5306 0.023 0.0041 | Test: 0.5057 0.0219 0.004 | Error: 0.00301 0.00283 0.00018
Epoch:    200 | Train: 0.4636 0.0199 0.0034 | Test: 0.4409 0.0189 0.0033 | Error: 0.00213 0.00187 0.00026
Epoch:    250 | Train: 0.4295 0.0182 0.0031 | Test: 0.4062 0.0172 0.0029 | Error: 0.00179 0.0015 0.00029
Epoch:    300 | Train: 0.4129 0.0174 0.0028 | Test: 0.3909 0.0164 0.0027 | Error: 0.00142 0.00126 0.00016
Epoch:    350 | Train: 0.4029 0.0167 0.0027 | Test: 0.3837 0.016 0.0026 | Error: 0.00229 0.00173 0.00055
Epoch:    400 | Train: 0.3994 0.0164 0.0026 | Test: 0.3783 0.0155 0.0024 | Error: 0.00212 0.00196 0.00016
Epoch:    450 | Train: 0.3961 0.016 0.0025 | Test: 0.3802 0.0155 0.0024 | Error: 0.00209 0.00173 0.00036
Epoch:    500 | Train: 0.3911 0.0157 0.0024 | Test: 0.3714 0.0151 0.0023 | Error: 0.00199 0.00177 0.00022
Epoch:    550 | Train: 0.3852 0.0153 0.0023 | Test: 0.3639 0.0146 0.0022 | Error: 0.00175 0.00139 0.00036
Epoch:    600 | Train: 0.3875 0.0152 0.0022 | Test: 0.3682 0.0145 0.0022 | Error: 0.00199 0.0015 0.00049
Epoch:    650 | Train: 0.3878 0.0152 0.0022 | Test: 0.3645 0.0143 0.0021 | Error: 0.00165 0.00187 -0.00022
Epoch:    700 | Train: 0.3813 0.0148 0.0021 | Test: 0.3625 0.0141 0.002 | Error: 0.0013 0.00114 0.00016
Epoch:    750 | Train: 0.3864 0.0148 0.0021 | Test: 0.364 0.014 0.002 | Error: 0.00168 0.00178 -0.0001
Epoch:    800 | Train: 0.3846 0.0146 0.0021 | Test: 0.3642 0.0139 0.002 | Error: 0.00165 0.00149 0.00016
Epoch:    850 | Train: 0.3899 0.0146 0.0021 | Test: 0.3692 0.0137 0.002 | Error: 0.00159 0.00139 0.0002
Epoch:    900 | Train: 0.391 0.0146 0.0021 | Test: 0.3737 0.0142 0.002 | Error: 0.00218 0.00209 9e-05
Epoch:    950 | Train: 0.3888 0.0144 0.002 | Test: 0.3686 0.0138 0.0019 | Error: 0.00229 0.00194 0.00035
Epoch:  1,000 | Train: 0.3867 0.0141 0.002 | Test: 0.3695 0.0136 0.0019 | Error: 0.00188 0.00149 0.00039

====================================================================================================
PERF FORMAT: DATASET | Acuracy: ACC | Loss: LOSS1 LOSS2 LOSS3 | PS: PS
====================================================================================================
Train | Acuracy:  90.83% | Loss: 0.38673 0.01413 0.00197 | PS: 0.00149 
Val   | Acuracy:  90.22% | Loss: 0.4009 0.0149 0.00208 | PS: 0.00145 
Test  | Acuracy:  91.18% | Loss: 0.36954 0.01355 0.00191 | PS: 0.00188 
----------------------------------------------------------------------------------------------------
Optimization error  : 0.00149
Population error    : 0.00188
Generalization error: 0.00039
