Namespace(batch_size=64, beta_moco=0.1, gamma_moco=0.1, gamma_modo=0.1, lr=5.0, moo_method='MGDA', num_epochs=1000, rho_moco=0.0, rho_modo=0.0, seed=7)

==================================================
Model parameter count per layer
==================================================
fc1.weight 	: 401408
fc1.bias 	: 512
fc2.weight 	: 5120
fc2.bias 	: 10
Total number of parametrs : 407050
--------------------------------------------------

====================================================================================================
LOG FORMAT: Epoch: EPOCH | Train: LOSS1 LOSS2 LOSS3 | Test: LOSS1 LOSS2 LOSS3 | Error: POP OPT GEN
====================================================================================================
Epoch:      0 | Train: 2.3352 0.0906 0.0131 | Test: 2.3277 0.0904 0.0131 | Error: 0.00374 0.00365 0.0001
Epoch:     50 | Train: 1.2918 0.055 0.0089 | Test: 1.2672 0.054 0.0088 | Error: 0.00456 0.00436 0.0002
Epoch:    100 | Train: 0.761 0.0337 0.0059 | Test: 0.7299 0.0323 0.0057 | Error: 0.00367 0.00335 0.00031
Epoch:    150 | Train: 0.5641 0.0244 0.0044 | Test: 0.5313 0.0229 0.0042 | Error: 0.00359 0.00345 0.00014
Epoch:    200 | Train: 0.4847 0.0207 0.0036 | Test: 0.4521 0.0193 0.0034 | Error: 0.00251 0.00245 5e-05
Epoch:    250 | Train: 0.4451 0.0189 0.0032 | Test: 0.4115 0.0175 0.003 | Error: 0.00273 0.00244 0.00029
Epoch:    300 | Train: 0.4261 0.0178 0.0029 | Test: 0.3946 0.0165 0.0027 | Error: 0.00204 0.00181 0.00024
Epoch:    350 | Train: 0.4156 0.0172 0.0027 | Test: 0.3848 0.016 0.0026 | Error: 0.00216 0.00217 -1e-05
Epoch:    400 | Train: 0.4087 0.0168 0.0026 | Test: 0.3804 0.0157 0.0025 | Error: 0.00272 0.00246 0.00026
Epoch:    450 | Train: 0.3984 0.0162 0.0025 | Test: 0.3692 0.0151 0.0023 | Error: 0.00177 0.00166 0.00011
Epoch:    500 | Train: 0.3964 0.0157 0.0024 | Test: 0.3692 0.0147 0.0023 | Error: 0.00198 0.00169 0.00029
Epoch:    550 | Train: 0.3958 0.0155 0.0023 | Test: 0.3685 0.0144 0.0022 | Error: 0.00155 0.00148 7e-05
Epoch:    600 | Train: 0.3959 0.0156 0.0023 | Test: 0.3715 0.0147 0.0022 | Error: 0.00313 0.00273 0.0004
Epoch:    650 | Train: 0.3941 0.0153 0.0022 | Test: 0.367 0.0143 0.0021 | Error: 0.00168 0.00139 0.00029
Epoch:    700 | Train: 0.3865 0.0149 0.0022 | Test: 0.3653 0.0142 0.0021 | Error: 0.00158 0.00149 9e-05
Epoch:    750 | Train: 0.3813 0.0146 0.0021 | Test: 0.3581 0.0138 0.002 | Error: 0.00115 0.00105 0.0001
Epoch:    800 | Train: 0.3825 0.0145 0.0021 | Test: 0.3579 0.0137 0.002 | Error: 0.00126 0.00122 3e-05
Epoch:    850 | Train: 0.394 0.0151 0.0022 | Test: 0.3714 0.0144 0.0021 | Error: 0.00306 0.00305 1e-05
Epoch:    900 | Train: 0.3878 0.0146 0.0021 | Test: 0.3678 0.014 0.002 | Error: 0.00212 0.00195 0.00018
Epoch:    950 | Train: 0.384 0.0143 0.002 | Test: 0.3626 0.0136 0.0019 | Error: 0.00142 0.00116 0.00026
Epoch:  1,000 | Train: 0.3797 0.014 0.002 | Test: 0.3585 0.0134 0.0019 | Error: 0.0014 0.0012 0.0002

====================================================================================================
PERF FORMAT: DATASET | Acuracy: ACC | Loss: LOSS1 LOSS2 LOSS3 | PS: PS
====================================================================================================
Train | Acuracy:  90.76% | Loss: 0.37971 0.01404 0.00199 | PS: 0.0012 
Val   | Acuracy:  90.85% | Loss: 0.37242 0.01394 0.00199 | PS: 0.00163 
Test  | Acuracy:  91.05% | Loss: 0.3585 0.01339 0.00191 | PS: 0.0014 
----------------------------------------------------------------------------------------------------
Optimization error  : 0.0012
Population error    : 0.0014
Generalization error: 0.0002
