Namespace(batch_size=64, beta_moco=0.1, gamma_moco=0.1, gamma_modo=1.0, lr=1.0, moo_method='MoDo', num_epochs=1000, rho_moco=0.0, rho_modo=0.0, seed=7)

==================================================
Model parameter count per layer
==================================================
fc1.weight 	: 401408
fc1.bias 	: 512
fc2.weight 	: 5120
fc2.bias 	: 10
Total number of parametrs : 407050
--------------------------------------------------

====================================================================================================
LOG FORMAT: Epoch: EPOCH | Train: LOSS1 LOSS2 LOSS3 | Test: LOSS1 LOSS2 LOSS3 | Error: POP OPT GEN
====================================================================================================
Epoch:      0 | Train: 2.3352 0.0906 0.0131 | Test: 2.3277 0.0904 0.0131 | Error: 0.00374 0.00365 0.0001
Epoch:     50 | Train: 1.1761 0.0513 0.0088 | Test: 1.1477 0.0502 0.0087 | Error: 0.00558 0.00548 0.00011
Epoch:    100 | Train: 0.7365 0.0319 0.006 | Test: 0.709 0.0308 0.0059 | Error: 0.00485 0.00455 0.0003
Epoch:    150 | Train: 0.5616 0.0241 0.0046 | Test: 0.5348 0.0228 0.0044 | Error: 0.00312 0.00293 0.00019
Epoch:    200 | Train: 0.49 0.0209 0.0039 | Test: 0.4649 0.0198 0.0037 | Error: 0.00443 0.00403 0.0004
Epoch:    250 | Train: 0.4545 0.0192 0.0035 | Test: 0.4303 0.0181 0.0033 | Error: 0.0032 0.00267 0.00054
Epoch:    300 | Train: 0.4088 0.0175 0.0031 | Test: 0.3821 0.0163 0.0029 | Error: 0.00198 0.0019 8e-05
Epoch:    350 | Train: 0.3965 0.0169 0.003 | Test: 0.3723 0.0159 0.0028 | Error: 0.00247 0.00238 0.0001
Epoch:    400 | Train: 0.3846 0.0163 0.0028 | Test: 0.3599 0.0152 0.0027 | Error: 0.00195 0.00198 -3e-05
Epoch:    450 | Train: 0.3729 0.0158 0.0027 | Test: 0.3481 0.0146 0.0026 | Error: 0.00154 0.00149 6e-05
Epoch:    500 | Train: 0.362 0.0154 0.0027 | Test: 0.3404 0.0144 0.0025 | Error: 0.00197 0.00187 0.0001
Epoch:    550 | Train: 0.3565 0.015 0.0026 | Test: 0.338 0.0141 0.0025 | Error: 0.00231 0.002 0.00032
Epoch:    600 | Train: 0.359 0.0151 0.0026 | Test: 0.3395 0.0143 0.0025 | Error: 0.00323 0.00315 8e-05
Epoch:    650 | Train: 0.3482 0.0146 0.0025 | Test: 0.3302 0.0137 0.0023 | Error: 0.00196 0.00208 -0.00013
Epoch:    700 | Train: 0.3453 0.0143 0.0024 | Test: 0.3284 0.0135 0.0023 | Error: 0.0025 0.00232 0.00018
Epoch:    750 | Train: 0.343 0.0142 0.0024 | Test: 0.3253 0.0134 0.0023 | Error: 0.00258 0.00225 0.00033
Epoch:    800 | Train: 0.3382 0.014 0.0023 | Test: 0.3198 0.0132 0.0022 | Error: 0.00157 0.00172 -0.00015
Epoch:    850 | Train: 0.3353 0.014 0.0023 | Test: 0.3221 0.0135 0.0022 | Error: 0.00235 0.00189 0.00046
Epoch:    900 | Train: 0.3315 0.0138 0.0023 | Test: 0.3184 0.0132 0.0022 | Error: 0.00221 0.00179 0.00042
Epoch:    950 | Train: 0.3322 0.0139 0.0023 | Test: 0.3174 0.0131 0.0022 | Error: 0.00227 0.00225 2e-05
Epoch:  1,000 | Train: 0.3281 0.0136 0.0022 | Test: 0.3157 0.013 0.0022 | Error: 0.0024 0.0021 0.00031

====================================================================================================
PERF FORMAT: DATASET | Acuracy: ACC | Loss: LOSS1 LOSS2 LOSS3 | PS: PS
====================================================================================================
Train | Acuracy:  91.21% | Loss: 0.32815 0.01356 0.00225 | PS: 0.0021 
Val   | Acuracy:  91.04% | Loss: 0.33105 0.01379 0.00227 | PS: 0.00241 
Test  | Acuracy:  91.54% | Loss: 0.31575 0.013 0.00215 | PS: 0.0024 
----------------------------------------------------------------------------------------------------
Optimization error  : 0.0021
Population error    : 0.0024
Generalization error: 0.00031
