Namespace(batch_size=64, beta_moco=0.1, gamma_moco=0.1, gamma_modo=1.0, lr=1.0, moo_method='MoDo', num_epochs=1000, rho_moco=0.0, rho_modo=0.0, seed=1)

==================================================
Model parameter count per layer
==================================================
fc1.weight 	: 401408
fc1.bias 	: 512
fc2.weight 	: 5120
fc2.bias 	: 10
Total number of parametrs : 407050
--------------------------------------------------

====================================================================================================
LOG FORMAT: Epoch: EPOCH | Train: LOSS1 LOSS2 LOSS3 | Test: LOSS1 LOSS2 LOSS3 | Error: POP OPT GEN
====================================================================================================
Epoch:      0 | Train: 2.3577 0.0911 0.0131 | Test: 2.3601 0.0912 0.0132 | Error: 0.00341 0.00327 0.00014
Epoch:     50 | Train: 1.1892 0.0505 0.0086 | Test: 1.1749 0.0499 0.0086 | Error: 0.00575 0.00565 0.0001
Epoch:    100 | Train: 0.7321 0.0318 0.0059 | Test: 0.7108 0.0309 0.0058 | Error: 0.00416 0.004 0.00015
Epoch:    150 | Train: 0.5748 0.0247 0.0047 | Test: 0.5518 0.0237 0.0046 | Error: 0.00425 0.00402 0.00023
Epoch:    200 | Train: 0.4991 0.0213 0.004 | Test: 0.4783 0.0204 0.0039 | Error: 0.00351 0.00318 0.00033
Epoch:    250 | Train: 0.4544 0.0196 0.0036 | Test: 0.4332 0.0187 0.0034 | Error: 0.0051 0.00458 0.00053
Epoch:    300 | Train: 0.4214 0.0179 0.0032 | Test: 0.4008 0.017 0.0031 | Error: 0.00239 0.00218 0.00021
Epoch:    350 | Train: 0.4042 0.0171 0.003 | Test: 0.3834 0.0162 0.0029 | Error: 0.00204 0.00186 0.00018
Epoch:    400 | Train: 0.3925 0.0165 0.0029 | Test: 0.3739 0.0157 0.0028 | Error: 0.00254 0.00204 0.0005
Epoch:    450 | Train: 0.3861 0.0162 0.0028 | Test: 0.3636 0.0153 0.0027 | Error: 0.00265 0.00256 9e-05
Epoch:    500 | Train: 0.3746 0.0156 0.0027 | Test: 0.3566 0.0148 0.0025 | Error: 0.00199 0.002 -0.0
Epoch:    550 | Train: 0.3713 0.0155 0.0026 | Test: 0.3526 0.0146 0.0025 | Error: 0.00235 0.00207 0.00028
Epoch:    600 | Train: 0.3627 0.015 0.0025 | Test: 0.3462 0.0143 0.0024 | Error: 0.00213 0.00202 0.00011
Epoch:    650 | Train: 0.3542 0.0146 0.0025 | Test: 0.3388 0.0139 0.0024 | Error: 0.00176 0.00149 0.00027
Epoch:    700 | Train: 0.3665 0.0151 0.0025 | Test: 0.346 0.0143 0.0024 | Error: 0.00288 0.00296 -8e-05
Epoch:    750 | Train: 0.3477 0.0142 0.0024 | Test: 0.3314 0.0135 0.0023 | Error: 0.00149 0.00134 0.00015
Epoch:    800 | Train: 0.3492 0.0143 0.0024 | Test: 0.3336 0.0136 0.0023 | Error: 0.00185 0.00182 3e-05
Epoch:    850 | Train: 0.342 0.0141 0.0023 | Test: 0.3273 0.0135 0.0022 | Error: 0.00219 0.00188 0.00032
Epoch:    900 | Train: 0.3395 0.014 0.0023 | Test: 0.3269 0.0134 0.0022 | Error: 0.00194 0.00198 -4e-05
Epoch:    950 | Train: 0.3404 0.014 0.0023 | Test: 0.3306 0.0136 0.0022 | Error: 0.00322 0.00296 0.00027
Epoch:  1,000 | Train: 0.3377 0.0138 0.0023 | Test: 0.3229 0.0132 0.0022 | Error: 0.0023 0.00237 -7e-05

====================================================================================================
PERF FORMAT: DATASET | Acuracy: ACC | Loss: LOSS1 LOSS2 LOSS3 | PS: PS
====================================================================================================
Train | Acuracy:  90.96% | Loss: 0.33769 0.01379 0.00227 | PS: 0.00237 
Val   | Acuracy:  90.65% | Loss: 0.34289 0.01423 0.00232 | PS: 0.00238 
Test  | Acuracy:  91.44% | Loss: 0.32288 0.0132 0.00217 | PS: 0.0023 
----------------------------------------------------------------------------------------------------
Optimization error  : 0.00237
Population error    : 0.0023
Generalization error: -7e-05
