Namespace(batch_size=64, beta_moco=0.1, gamma_moco=0.1, gamma_modo=1.0, lr=1.0, moo_method='MoDo', num_epochs=1000, rho_moco=0.0, rho_modo=0.0, seed=5)

==================================================
Model parameter count per layer
==================================================
fc1.weight 	: 401408
fc1.bias 	: 512
fc2.weight 	: 5120
fc2.bias 	: 10
Total number of parametrs : 407050
--------------------------------------------------

====================================================================================================
LOG FORMAT: Epoch: EPOCH | Train: LOSS1 LOSS2 LOSS3 | Test: LOSS1 LOSS2 LOSS3 | Error: POP OPT GEN
====================================================================================================
Epoch:      0 | Train: 2.3112 0.0903 0.0131 | Test: 2.3147 0.0904 0.0131 | Error: 0.00355 0.00343 0.00012
Epoch:     50 | Train: 1.1636 0.05 0.0085 | Test: 1.1433 0.0492 0.0085 | Error: 0.00505 0.00494 0.00011
Epoch:    100 | Train: 0.7111 0.031 0.0058 | Test: 0.6885 0.0299 0.0057 | Error: 0.00457 0.0044 0.00017
Epoch:    150 | Train: 0.5233 0.0224 0.0043 | Test: 0.5026 0.0215 0.0042 | Error: 0.00354 0.00328 0.00026
Epoch:    200 | Train: 0.471 0.0203 0.0038 | Test: 0.4501 0.0194 0.0036 | Error: 0.00365 0.00337 0.00028
Epoch:    250 | Train: 0.4377 0.0185 0.0034 | Test: 0.417 0.0177 0.0033 | Error: 0.00267 0.00236 0.00031
Epoch:    300 | Train: 0.411 0.0176 0.0031 | Test: 0.3922 0.0168 0.003 | Error: 0.00233 0.00206 0.00027
Epoch:    350 | Train: 0.397 0.0167 0.003 | Test: 0.3783 0.016 0.0029 | Error: 0.00219 0.00176 0.00043
Epoch:    400 | Train: 0.3815 0.0162 0.0028 | Test: 0.3593 0.0152 0.0027 | Error: 0.00206 0.00216 -0.0001
Epoch:    450 | Train: 0.3681 0.0155 0.0027 | Test: 0.351 0.0148 0.0026 | Error: 0.00164 0.00161 3e-05
Epoch:    500 | Train: 0.3628 0.0153 0.0026 | Test: 0.349 0.0147 0.0025 | Error: 0.00192 0.00202 -0.0001
Epoch:    550 | Train: 0.354 0.0148 0.0025 | Test: 0.3419 0.0144 0.0025 | Error: 0.00216 0.00168 0.00048
Epoch:    600 | Train: 0.3487 0.0146 0.0025 | Test: 0.3378 0.0141 0.0024 | Error: 0.00263 0.00225 0.00039
Epoch:    650 | Train: 0.3431 0.0143 0.0024 | Test: 0.3291 0.0138 0.0023 | Error: 0.00216 0.00205 0.0001
Epoch:    700 | Train: 0.3415 0.0143 0.0024 | Test: 0.3298 0.0139 0.0023 | Error: 0.00238 0.00227 0.00011
Epoch:    750 | Train: 0.3377 0.014 0.0023 | Test: 0.3271 0.0135 0.0023 | Error: 0.00171 0.00166 5e-05
Epoch:    800 | Train: 0.3373 0.0141 0.0023 | Test: 0.3273 0.0136 0.0023 | Error: 0.00256 0.00248 7e-05
Epoch:    850 | Train: 0.3328 0.0138 0.0023 | Test: 0.3183 0.0132 0.0022 | Error: 0.00181 0.00187 -7e-05
Epoch:    900 | Train: 0.329 0.0136 0.0022 | Test: 0.3192 0.0132 0.0022 | Error: 0.00169 0.0014 0.00029
Epoch:    950 | Train: 0.3272 0.0135 0.0022 | Test: 0.3179 0.0131 0.0021 | Error: 0.0015 0.00161 -0.00011
Epoch:  1,000 | Train: 0.3274 0.0135 0.0022 | Test: 0.3202 0.0132 0.0021 | Error: 0.00183 0.00158 0.00024

====================================================================================================
PERF FORMAT: DATASET | Acuracy: ACC | Loss: LOSS1 LOSS2 LOSS3 | PS: PS
====================================================================================================
Train | Acuracy:  91.11% | Loss: 0.32736 0.01347 0.0022 | PS: 0.00158 
Val   | Acuracy:  90.00% | Loss: 0.35902 0.01498 0.00235 | PS: 0.00166 
Test  | Acuracy:  91.25% | Loss: 0.32021 0.01323 0.00214 | PS: 0.00183 
----------------------------------------------------------------------------------------------------
Optimization error  : 0.00158
Population error    : 0.00183
Generalization error: 0.00024
