Namespace(batch_size=64, beta_moco=0.1, gamma_moco=0.1, gamma_modo=0.1, lr=0.1, moo_method='EW', num_epochs=1000, rho_moco=0.1, rho_modo=0.1, seed=9)

==================================================
Model parameter count per layer
==================================================
fc1.weight 	: 401408
fc1.bias 	: 512
fc2.weight 	: 5120
fc2.bias 	: 10
Total number of parametrs : 407050
--------------------------------------------------

====================================================================================================
LOG FORMAT: Epoch: EPOCH | Train: LOSS1 LOSS2 LOSS3 | Test: LOSS1 LOSS2 LOSS3 | Error: POP OPT GEN
====================================================================================================
Epoch:      0 | Train: 2.3789 0.181 0.9549 | Test: 2.3839 0.1811 0.9595 | Error: 0.03093 0.03027 0.00066
Epoch:     50 | Train: 0.6912 0.0833 0.0825 | Test: 0.6702 0.0817 0.0775 | Error: 0.06215 0.05811 0.00405
Epoch:    100 | Train: 0.5229 0.0611 0.0729 | Test: 0.5015 0.0592 0.0682 | Error: 0.0514 0.04864 0.00276
Epoch:    150 | Train: 0.4453 0.051 0.0649 | Test: 0.4268 0.0493 0.0614 | Error: 0.03733 0.03214 0.00519
Epoch:    200 | Train: 0.4143 0.0466 0.0617 | Test: 0.394 0.0447 0.0581 | Error: 0.03702 0.0363 0.00071
Epoch:    250 | Train: 0.3887 0.0431 0.0594 | Test: 0.3705 0.0412 0.0562 | Error: 0.03141 0.03312 -0.00171
Epoch:    300 | Train: 0.3737 0.0411 0.0571 | Test: 0.3581 0.0396 0.0542 | Error: 0.03251 0.03106 0.00145
Epoch:    350 | Train: 0.3616 0.0392 0.056 | Test: 0.3488 0.0378 0.0541 | Error: 0.0299 0.02765 0.00225
Epoch:    400 | Train: 0.3526 0.0374 0.056 | Test: 0.3406 0.036 0.0548 | Error: 0.0331 0.02775 0.00535
Epoch:    450 | Train: 0.3461 0.0361 0.0556 | Test: 0.3309 0.0344 0.0542 | Error: 0.02587 0.02728 -0.00141
Epoch:    500 | Train: 0.3418 0.0353 0.0555 | Test: 0.3309 0.0338 0.0549 | Error: 0.02898 0.02812 0.00086
Epoch:    550 | Train: 0.3344 0.0347 0.0544 | Test: 0.3226 0.0333 0.0533 | Error: 0.02798 0.02522 0.00276
Epoch:    600 | Train: 0.3299 0.0337 0.0541 | Test: 0.321 0.0326 0.0529 | Error: 0.02388 0.02095 0.00293
Epoch:    650 | Train: 0.3282 0.0334 0.0544 | Test: 0.3149 0.0319 0.0519 | Error: 0.02637 0.02843 -0.00206
Epoch:    700 | Train: 0.3249 0.0332 0.0532 | Test: 0.3133 0.0318 0.0516 | Error: 0.02524 0.02507 0.00017
Epoch:    750 | Train: 0.3284 0.0332 0.0534 | Test: 0.3212 0.0321 0.0534 | Error: 0.04421 0.04088 0.00333
Epoch:    800 | Train: 0.3186 0.0321 0.0518 | Test: 0.3094 0.0308 0.0511 | Error: 0.02993 0.02818 0.00175
Epoch:    850 | Train: 0.3201 0.0316 0.0529 | Test: 0.311 0.0303 0.0519 | Error: 0.02814 0.02713 0.00101
Epoch:    900 | Train: 0.3106 0.0308 0.0514 | Test: 0.3022 0.0298 0.0506 | Error: 0.02425 0.02023 0.00402
Epoch:    950 | Train: 0.311 0.0302 0.0526 | Test: 0.3017 0.0292 0.0515 | Error: 0.02263 0.01983 0.0028
Epoch:  1,000 | Train: 0.3122 0.0306 0.0522 | Test: 0.3021 0.0295 0.0514 | Error: 0.03135 0.03033 0.00102

====================================================================================================
PERF FORMAT: DATASET | Acuracy: ACC | Loss: LOSS1 LOSS2 LOSS3 | PS: PS
====================================================================================================
Train | Acuracy:  90.92% | Loss: 0.31218 0.03057 0.05223 | PS: 0.03033 
Val   | Acuracy:  90.48% | Loss: 0.32459 0.03102 0.05635 | PS: 0.03173 
Test  | Acuracy:  91.35% | Loss: 0.30205 0.02945 0.05137 | PS: 0.03135 
----------------------------------------------------------------------------------------------------
Optimization error  : 0.03033
Population error    : 0.03135
Generalization error: 0.00102
