Namespace(batch_size=64, beta_moco=0.1, gamma_moco=0.1, gamma_modo=0.1, lr=0.1, moo_method='EW', num_epochs=1000, rho_moco=0.1, rho_modo=0.1, seed=5)

==================================================
Model parameter count per layer
==================================================
fc1.weight 	: 401408
fc1.bias 	: 512
fc2.weight 	: 5120
fc2.bias 	: 10
Total number of parametrs : 407050
--------------------------------------------------

====================================================================================================
LOG FORMAT: Epoch: EPOCH | Train: LOSS1 LOSS2 LOSS3 | Test: LOSS1 LOSS2 LOSS3 | Error: POP OPT GEN
====================================================================================================
Epoch:      0 | Train: 2.3112 0.1799 0.8888 | Test: 2.3147 0.1799 0.8916 | Error: 0.03278 0.03197 0.00081
Epoch:     50 | Train: 0.6871 0.0831 0.0834 | Test: 0.6631 0.0812 0.0782 | Error: 0.06538 0.06371 0.00167
Epoch:    100 | Train: 0.5049 0.0599 0.0684 | Test: 0.4809 0.0578 0.0635 | Error: 0.03586 0.03629 -0.00043
Epoch:    150 | Train: 0.4448 0.0509 0.0648 | Test: 0.4257 0.0492 0.0613 | Error: 0.04121 0.03894 0.00227
Epoch:    200 | Train: 0.4043 0.0455 0.0605 | Test: 0.389 0.044 0.058 | Error: 0.03508 0.03012 0.00496
Epoch:    250 | Train: 0.3869 0.0424 0.0595 | Test: 0.3748 0.0412 0.0579 | Error: 0.03654 0.03149 0.00504
Epoch:    300 | Train: 0.3701 0.0395 0.0588 | Test: 0.3589 0.0382 0.0576 | Error: 0.02731 0.02301 0.0043
Epoch:    350 | Train: 0.3602 0.0378 0.0583 | Test: 0.3461 0.0363 0.0566 | Error: 0.02944 0.0279 0.00154
Epoch:    400 | Train: 0.3556 0.037 0.0577 | Test: 0.343 0.0357 0.056 | Error: 0.03644 0.03449 0.00195
Epoch:    450 | Train: 0.3476 0.0364 0.0558 | Test: 0.3371 0.0351 0.0549 | Error: 0.03166 0.02962 0.00204
Epoch:    500 | Train: 0.3371 0.0348 0.0553 | Test: 0.329 0.0335 0.0548 | Error: 0.02406 0.02202 0.00203
Epoch:    550 | Train: 0.3398 0.0348 0.0557 | Test: 0.328 0.0334 0.0542 | Error: 0.0323 0.03264 -0.00035
Epoch:    600 | Train: 0.3294 0.0337 0.0539 | Test: 0.3219 0.0327 0.0539 | Error: 0.03212 0.03041 0.00171
Epoch:    650 | Train: 0.326 0.0332 0.053 | Test: 0.3158 0.0321 0.0522 | Error: 0.0334 0.02976 0.00364
Epoch:    700 | Train: 0.3205 0.0323 0.053 | Test: 0.3091 0.0312 0.0513 | Error: 0.02386 0.02094 0.00292
Epoch:    750 | Train: 0.318 0.0317 0.0535 | Test: 0.3071 0.0304 0.0521 | Error: 0.02075 0.02174 -0.00099
Epoch:    800 | Train: 0.3118 0.0313 0.0514 | Test: 0.3031 0.0303 0.0504 | Error: 0.01791 0.01221 0.00569
Epoch:    850 | Train: 0.3187 0.0318 0.0526 | Test: 0.3118 0.0309 0.0525 | Error: 0.03115 0.02975 0.0014
Epoch:    900 | Train: 0.3156 0.0313 0.0522 | Test: 0.3126 0.0306 0.0532 | Error: 0.02971 0.02616 0.00355
Epoch:    950 | Train: 0.3125 0.0311 0.0519 | Test: 0.3044 0.0301 0.052 | Error: 0.02913 0.02758 0.00155
Epoch:  1,000 | Train: 0.3057 0.0305 0.0505 | Test: 0.2986 0.0295 0.0504 | Error: 0.01926 0.01862 0.00064

====================================================================================================
PERF FORMAT: DATASET | Acuracy: ACC | Loss: LOSS1 LOSS2 LOSS3 | PS: PS
====================================================================================================
Train | Acuracy:  91.33% | Loss: 0.30567 0.03051 0.05053 | PS: 0.01862 
Val   | Acuracy:  90.41% | Loss: 0.33468 0.03188 0.05906 | PS: 0.02028 
Test  | Acuracy:  91.59% | Loss: 0.29861 0.02954 0.05044 | PS: 0.01926 
----------------------------------------------------------------------------------------------------
Optimization error  : 0.01862
Population error    : 0.01926
Generalization error: 0.00064
