Namespace(batch_size=64, beta_moco=0.1, gamma_moco=0.1, gamma_modo=0.1, lr=0.1, moo_method='EW', num_epochs=1000, rho_moco=0.1, rho_modo=0.1, seed=2)

==================================================
Model parameter count per layer
==================================================
fc1.weight 	: 401408
fc1.bias 	: 512
fc2.weight 	: 5120
fc2.bias 	: 10
Total number of parametrs : 407050
--------------------------------------------------

====================================================================================================
LOG FORMAT: Epoch: EPOCH | Train: LOSS1 LOSS2 LOSS3 | Test: LOSS1 LOSS2 LOSS3 | Error: POP OPT GEN
====================================================================================================
Epoch:      0 | Train: 2.2838 0.1792 0.8559 | Test: 2.2852 0.1792 0.857 | Error: 0.03303 0.03223 0.00079
Epoch:     50 | Train: 0.6836 0.083 0.0808 | Test: 0.6606 0.0812 0.076 | Error: 0.06099 0.06039 0.0006
Epoch:    100 | Train: 0.5119 0.061 0.0678 | Test: 0.4913 0.059 0.0647 | Error: 0.04306 0.0414 0.00166
Epoch:    150 | Train: 0.4456 0.0513 0.0644 | Test: 0.4263 0.0495 0.0606 | Error: 0.04206 0.03896 0.00311
Epoch:    200 | Train: 0.4226 0.0466 0.0649 | Test: 0.4015 0.0449 0.0603 | Error: 0.05291 0.05056 0.00235
Epoch:    250 | Train: 0.3883 0.0422 0.0601 | Test: 0.3662 0.0403 0.0555 | Error: 0.03338 0.03066 0.00272
Epoch:    300 | Train: 0.3736 0.0407 0.0572 | Test: 0.3548 0.0389 0.0539 | Error: 0.03426 0.03136 0.00289
Epoch:    350 | Train: 0.3595 0.0384 0.0565 | Test: 0.3408 0.0366 0.0533 | Error: 0.0277 0.02712 0.00059
Epoch:    400 | Train: 0.3511 0.0365 0.0573 | Test: 0.3356 0.0349 0.0547 | Error: 0.02929 0.02797 0.00132
Epoch:    450 | Train: 0.3449 0.0358 0.0565 | Test: 0.3316 0.0344 0.0547 | Error: 0.03252 0.03123 0.00129
Epoch:    500 | Train: 0.3384 0.035 0.0555 | Test: 0.3224 0.0335 0.0525 | Error: 0.0303 0.0315 -0.0012
Epoch:    550 | Train: 0.3328 0.0339 0.0549 | Test: 0.3224 0.0327 0.0531 | Error: 0.02797 0.02494 0.00302
Epoch:    600 | Train: 0.3309 0.0339 0.0543 | Test: 0.3192 0.0325 0.0527 | Error: 0.03362 0.03458 -0.00096
Epoch:    650 | Train: 0.327 0.0332 0.0534 | Test: 0.3205 0.0322 0.0531 | Error: 0.03566 0.03026 0.0054
Epoch:    700 | Train: 0.32 0.0324 0.0525 | Test: 0.3115 0.0312 0.0517 | Error: 0.02297 0.02241 0.00056
Epoch:    750 | Train: 0.3269 0.0326 0.0539 | Test: 0.3209 0.0317 0.0541 | Error: 0.0467 0.04218 0.00452
Epoch:    800 | Train: 0.3252 0.0326 0.0531 | Test: 0.3164 0.0314 0.0531 | Error: 0.03794 0.03615 0.00179
Epoch:    850 | Train: 0.3212 0.0313 0.0537 | Test: 0.3173 0.0305 0.0542 | Error: 0.03517 0.03042 0.00475
Epoch:    900 | Train: 0.3123 0.0309 0.0517 | Test: 0.307 0.0302 0.0515 | Error: 0.03241 0.02969 0.00272
Epoch:    950 | Train: 0.3118 0.0305 0.052 | Test: 0.3094 0.0298 0.0524 | Error: 0.03072 0.02738 0.00334
Epoch:  1,000 | Train: 0.3127 0.0309 0.052 | Test: 0.3102 0.03 0.0525 | Error: 0.0293 0.02935 -5e-05

====================================================================================================
PERF FORMAT: DATASET | Acuracy: ACC | Loss: LOSS1 LOSS2 LOSS3 | PS: PS
====================================================================================================
Train | Acuracy:  91.29% | Loss: 0.31265 0.03092 0.05196 | PS: 0.02935 
Val   | Acuracy:  90.86% | Loss: 0.32837 0.03135 0.05691 | PS: 0.03005 
Test  | Acuracy:  91.36% | Loss: 0.31019 0.03005 0.05246 | PS: 0.0293 
----------------------------------------------------------------------------------------------------
Optimization error  : 0.02935
Population error    : 0.0293
Generalization error: -5e-05
