Namespace(batch_size=64, beta_moco=0.1, gamma_moco=0.1, gamma_modo=0.1, lr=0.1, moo_method='EW', num_epochs=1000, rho_moco=0.1, rho_modo=0.1, seed=3)

==================================================
Model parameter count per layer
==================================================
fc1.weight 	: 401408
fc1.bias 	: 512
fc2.weight 	: 5120
fc2.bias 	: 10
Total number of parametrs : 407050
--------------------------------------------------

====================================================================================================
LOG FORMAT: Epoch: EPOCH | Train: LOSS1 LOSS2 LOSS3 | Test: LOSS1 LOSS2 LOSS3 | Error: POP OPT GEN
====================================================================================================
Epoch:      0 | Train: 2.3215 0.1797 0.8909 | Test: 2.3254 0.1798 0.8934 | Error: 0.03451 0.03394 0.00057
Epoch:     50 | Train: 0.6819 0.082 0.0841 | Test: 0.6583 0.0801 0.0791 | Error: 0.06248 0.0617 0.00078
Epoch:    100 | Train: 0.5026 0.0595 0.0682 | Test: 0.4794 0.0576 0.0625 | Error: 0.03344 0.03451 -0.00107
Epoch:    150 | Train: 0.4408 0.0503 0.064 | Test: 0.4235 0.0488 0.061 | Error: 0.03934 0.03486 0.00448
Epoch:    200 | Train: 0.4089 0.0456 0.0624 | Test: 0.3941 0.0441 0.0607 | Error: 0.03655 0.03482 0.00173
Epoch:    250 | Train: 0.383 0.0421 0.0588 | Test: 0.3695 0.0408 0.0569 | Error: 0.03116 0.02345 0.00771
Epoch:    300 | Train: 0.3687 0.0396 0.0584 | Test: 0.3543 0.0381 0.0559 | Error: 0.0251 0.02392 0.00118
Epoch:    350 | Train: 0.3677 0.0393 0.0582 | Test: 0.3553 0.0381 0.0563 | Error: 0.04508 0.0428 0.00227
Epoch:    400 | Train: 0.3547 0.0377 0.0559 | Test: 0.3382 0.0363 0.0527 | Error: 0.02985 0.03281 -0.00296
Epoch:    450 | Train: 0.3477 0.0362 0.0561 | Test: 0.3365 0.0351 0.0541 | Error: 0.0333 0.03114 0.00216
Epoch:    500 | Train: 0.3401 0.0351 0.0549 | Test: 0.3286 0.034 0.0529 | Error: 0.02617 0.02528 0.00089
Epoch:    550 | Train: 0.3388 0.0346 0.0552 | Test: 0.3245 0.0335 0.0528 | Error: 0.03549 0.03227 0.00322
Epoch:    600 | Train: 0.3426 0.0344 0.0569 | Test: 0.3342 0.0335 0.0559 | Error: 0.04723 0.04094 0.00629
Epoch:    650 | Train: 0.3282 0.0328 0.0549 | Test: 0.3167 0.0315 0.054 | Error: 0.02018 0.02105 -0.00087
Epoch:    700 | Train: 0.3229 0.0321 0.0535 | Test: 0.3134 0.0311 0.0524 | Error: 0.02236 0.02044 0.00191
Epoch:    750 | Train: 0.3284 0.033 0.0541 | Test: 0.3149 0.0317 0.0516 | Error: 0.0364 0.03786 -0.00146
Epoch:    800 | Train: 0.3189 0.0318 0.0529 | Test: 0.3102 0.0308 0.052 | Error: 0.03 0.02754 0.00246
Epoch:    850 | Train: 0.316 0.0313 0.0527 | Test: 0.3055 0.0302 0.0516 | Error: 0.02255 0.02513 -0.00257
Epoch:    900 | Train: 0.3171 0.0314 0.0526 | Test: 0.3064 0.0303 0.0512 | Error: 0.03447 0.03432 0.00015
Epoch:    950 | Train: 0.3153 0.031 0.0522 | Test: 0.3068 0.0301 0.0509 | Error: 0.03179 0.02898 0.00281
Epoch:  1,000 | Train: 0.3066 0.03 0.0518 | Test: 0.3002 0.0293 0.051 | Error: 0.02616 0.01872 0.00744

====================================================================================================
PERF FORMAT: DATASET | Acuracy: ACC | Loss: LOSS1 LOSS2 LOSS3 | PS: PS
====================================================================================================
Train | Acuracy:  91.36% | Loss: 0.30663 0.02998 0.05176 | PS: 0.01872 
Val   | Acuracy:  90.55% | Loss: 0.32576 0.03133 0.05532 | PS: 0.02108 
Test  | Acuracy:  91.47% | Loss: 0.30019 0.02926 0.05103 | PS: 0.02616 
----------------------------------------------------------------------------------------------------
Optimization error  : 0.01872
Population error    : 0.02616
Generalization error: 0.00744
