Namespace(batch_size=64, beta_moco=0.1, gamma_moco=0.1, gamma_modo=0.1, lr=0.1, moo_method='EW', num_epochs=1000, rho_moco=0.1, rho_modo=0.1, seed=8)

==================================================
Model parameter count per layer
==================================================
fc1.weight 	: 401408
fc1.bias 	: 512
fc2.weight 	: 5120
fc2.bias 	: 10
Total number of parametrs : 407050
--------------------------------------------------

====================================================================================================
LOG FORMAT: Epoch: EPOCH | Train: LOSS1 LOSS2 LOSS3 | Test: LOSS1 LOSS2 LOSS3 | Error: POP OPT GEN
====================================================================================================
Epoch:      0 | Train: 2.3556 0.1806 0.9304 | Test: 2.3569 0.1807 0.9314 | Error: 0.03079 0.03001 0.00078
Epoch:     50 | Train: 0.6838 0.0836 0.0794 | Test: 0.6632 0.082 0.0744 | Error: 0.07123 0.06821 0.00302
Epoch:    100 | Train: 0.5015 0.0596 0.0675 | Test: 0.4829 0.0579 0.0642 | Error: 0.04455 0.04202 0.00254
Epoch:    150 | Train: 0.447 0.0515 0.0642 | Test: 0.4325 0.0501 0.0616 | Error: 0.0559 0.051 0.0049
Epoch:    200 | Train: 0.4023 0.0452 0.0604 | Test: 0.3875 0.0437 0.0582 | Error: 0.02858 0.02401 0.00457
Epoch:    250 | Train: 0.384 0.0427 0.0581 | Test: 0.3687 0.0412 0.0557 | Error: 0.03508 0.03442 0.00066
Epoch:    300 | Train: 0.3737 0.0405 0.0582 | Test: 0.3616 0.0391 0.0579 | Error: 0.042 0.0402 0.0018
Epoch:    350 | Train: 0.3638 0.038 0.0589 | Test: 0.3488 0.0366 0.0567 | Error: 0.03191 0.03106 0.00085
Epoch:    400 | Train: 0.3532 0.0366 0.0575 | Test: 0.3424 0.0353 0.0578 | Error: 0.02839 0.02686 0.00154
Epoch:    450 | Train: 0.3532 0.0359 0.058 | Test: 0.3428 0.0346 0.0581 | Error: 0.03436 0.03338 0.00097
Epoch:    500 | Train: 0.3359 0.0347 0.0548 | Test: 0.3281 0.0336 0.0549 | Error: 0.02421 0.02461 -0.0004
Epoch:    550 | Train: 0.336 0.0339 0.0557 | Test: 0.3312 0.0328 0.0567 | Error: 0.02869 0.02715 0.00153
Epoch:    600 | Train: 0.3342 0.0341 0.0551 | Test: 0.3309 0.0331 0.057 | Error: 0.03963 0.03656 0.00307
Epoch:    650 | Train: 0.3343 0.0341 0.0546 | Test: 0.3302 0.0333 0.0559 | Error: 0.05276 0.04917 0.00358
Epoch:    700 | Train: 0.3176 0.0321 0.0518 | Test: 0.3108 0.0312 0.0515 | Error: 0.02294 0.01851 0.00443
Epoch:    750 | Train: 0.3154 0.0314 0.0527 | Test: 0.311 0.0305 0.0535 | Error: 0.02475 0.02361 0.00114
Epoch:    800 | Train: 0.3175 0.0318 0.0521 | Test: 0.3115 0.0307 0.0532 | Error: 0.02908 0.02932 -0.00025
Epoch:    850 | Train: 0.3121 0.0309 0.0518 | Test: 0.31 0.0301 0.0534 | Error: 0.02237 0.01855 0.00382
Epoch:    900 | Train: 0.3109 0.031 0.0514 | Test: 0.3019 0.0299 0.051 | Error: 0.0253 0.02543 -0.00013
Epoch:    950 | Train: 0.3239 0.0323 0.054 | Test: 0.317 0.0312 0.0542 | Error: 0.04337 0.04381 -0.00045
Epoch:  1,000 | Train: 0.3043 0.0302 0.0506 | Test: 0.2987 0.0293 0.051 | Error: 0.02178 0.01969 0.00209

====================================================================================================
PERF FORMAT: DATASET | Acuracy: ACC | Loss: LOSS1 LOSS2 LOSS3 | PS: PS
====================================================================================================
Train | Acuracy:  91.27% | Loss: 0.30429 0.0302 0.05064 | PS: 0.01969 
Val   | Acuracy:  90.75% | Loss: 0.3338 0.03114 0.06004 | PS: 0.02004 
Test  | Acuracy:  91.60% | Loss: 0.29872 0.02926 0.05096 | PS: 0.02178 
----------------------------------------------------------------------------------------------------
Optimization error  : 0.01969
Population error    : 0.02178
Generalization error: 0.00209
