Namespace(batch_size=64, beta_moco=0.1, gamma_moco=0.1, gamma_modo=0.1, lr=1.0, moo_method='MGDA', num_epochs=1000, rho_moco=0.1, rho_modo=0.1, seed=2)

==================================================
Model parameter count per layer
==================================================
fc1.weight 	: 401408
fc1.bias 	: 512
fc2.weight 	: 5120
fc2.bias 	: 10
Total number of parametrs : 407050
--------------------------------------------------

====================================================================================================
LOG FORMAT: Epoch: EPOCH | Train: LOSS1 LOSS2 LOSS3 | Test: LOSS1 LOSS2 LOSS3 | Error: POP OPT GEN
====================================================================================================
Epoch:      0 | Train: 2.2838 0.1792 0.8559 | Test: 2.2852 0.1792 0.857 | Error: 0.03303 0.03223 0.00079
Epoch:     50 | Train: 0.922 0.0688 0.2796 | Test: 0.9035 0.0669 0.2768 | Error: 0.04983 0.04922 0.0006
Epoch:    100 | Train: 0.8705 0.0498 0.2513 | Test: 0.8617 0.0482 0.2517 | Error: 0.01938 0.01724 0.00214
Epoch:    150 | Train: 0.8741 0.0442 0.2433 | Test: 0.8618 0.0424 0.2428 | Error: 0.01939 0.01958 -0.0002
Epoch:    200 | Train: 0.8616 0.042 0.2174 | Test: 0.8554 0.0406 0.2167 | Error: 0.03479 0.03191 0.00288
Epoch:    250 | Train: 0.5047 0.0345 0.1068 | Test: 0.483 0.0329 0.1017 | Error: 0.02252 0.02145 0.00107
Epoch:    300 | Train: 0.4388 0.0294 0.0949 | Test: 0.4192 0.028 0.0905 | Error: 0.01772 0.01658 0.00114
Epoch:    350 | Train: 0.426 0.0272 0.0936 | Test: 0.404 0.0256 0.0893 | Error: 0.01986 0.02079 -0.00093
Epoch:    400 | Train: 0.4302 0.0255 0.0953 | Test: 0.4125 0.0243 0.0924 | Error: 0.01856 0.01555 0.003
Epoch:    450 | Train: 0.44 0.0247 0.1003 | Test: 0.4243 0.0237 0.0974 | Error: 0.01721 0.01457 0.00264
Epoch:    500 | Train: 0.455 0.0245 0.1035 | Test: 0.4299 0.0232 0.0972 | Error: 0.02539 0.0265 -0.00111
Epoch:    550 | Train: 0.4455 0.0231 0.1012 | Test: 0.4268 0.0222 0.0961 | Error: 0.01921 0.01602 0.00319
Epoch:    600 | Train: 0.4479 0.0227 0.1021 | Test: 0.4269 0.0216 0.0967 | Error: 0.01693 0.01819 -0.00126
Epoch:    650 | Train: 0.4501 0.0222 0.1028 | Test: 0.4367 0.0215 0.1007 | Error: 0.02113 0.01789 0.00324
Epoch:    700 | Train: 0.4633 0.0219 0.106 | Test: 0.4486 0.0213 0.1024 | Error: 0.01769 0.01616 0.00153
Epoch:    750 | Train: 0.4606 0.0211 0.1063 | Test: 0.4425 0.0202 0.103 | Error: 0.00943 0.00832 0.0011
Epoch:    800 | Train: 0.4632 0.021 0.1071 | Test: 0.4427 0.0202 0.104 | Error: 0.01239 0.01271 -0.00032
Epoch:    850 | Train: 0.4736 0.0209 0.1093 | Test: 0.4516 0.0202 0.1057 | Error: 0.01642 0.01458 0.00184
Epoch:    900 | Train: 0.4737 0.0205 0.1088 | Test: 0.4531 0.0201 0.104 | Error: 0.01535 0.01343 0.00191
Epoch:    950 | Train: 0.467 0.02 0.1067 | Test: 0.4562 0.0197 0.1047 | Error: 0.01415 0.01061 0.00355
Epoch:  1,000 | Train: 0.4907 0.0204 0.114 | Test: 0.4848 0.0199 0.1132 | Error: 0.01788 0.01756 0.00032

====================================================================================================
PERF FORMAT: DATASET | Acuracy: ACC | Loss: LOSS1 LOSS2 LOSS3 | PS: PS
====================================================================================================
Train | Acuracy:  91.14% | Loss: 0.4907 0.02039 0.11402 | PS: 0.01756 
Val   | Acuracy:  90.46% | Loss: 0.52218 0.02132 0.12135 | PS: 0.017 
Test  | Acuracy:  91.27% | Loss: 0.48484 0.01988 0.11319 | PS: 0.01788 
----------------------------------------------------------------------------------------------------
Optimization error  : 0.01756
Population error    : 0.01788
Generalization error: 0.00032
