Namespace(batch_size=64, beta_moco=0.1, gamma_moco=0.1, gamma_modo=0.1, lr=1.0, moo_method='MGDA', num_epochs=1000, rho_moco=0.1, rho_modo=0.1, seed=7)

==================================================
Model parameter count per layer
==================================================
fc1.weight 	: 401408
fc1.bias 	: 512
fc2.weight 	: 5120
fc2.bias 	: 10
Total number of parametrs : 407050
--------------------------------------------------

====================================================================================================
LOG FORMAT: Epoch: EPOCH | Train: LOSS1 LOSS2 LOSS3 | Test: LOSS1 LOSS2 LOSS3 | Error: POP OPT GEN
====================================================================================================
Epoch:      0 | Train: 2.3352 0.18 0.9057 | Test: 2.3277 0.1799 0.8983 | Error: 0.03277 0.03159 0.00118
Epoch:     50 | Train: 1.4021 0.0833 0.468 | Test: 1.3869 0.0818 0.4661 | Error: 0.03081 0.02964 0.00117
Epoch:    100 | Train: 1.1778 0.0637 0.3489 | Test: 1.1674 0.0618 0.3489 | Error: 0.0274 0.02448 0.00293
Epoch:    150 | Train: 0.7294 0.0511 0.178 | Test: 0.7071 0.0492 0.1737 | Error: 0.04495 0.0423 0.00265
Epoch:    200 | Train: 0.4889 0.039 0.1024 | Test: 0.4636 0.0372 0.0965 | Error: 0.03433 0.03282 0.00151
Epoch:    250 | Train: 0.4508 0.0329 0.0965 | Test: 0.417 0.0313 0.0882 | Error: 0.04179 0.03897 0.00282
Epoch:    300 | Train: 0.4347 0.0287 0.0977 | Test: 0.4031 0.0271 0.0899 | Error: 0.02123 0.01889 0.00234
Epoch:    350 | Train: 0.4382 0.0274 0.0994 | Test: 0.4095 0.026 0.0918 | Error: 0.02548 0.02689 -0.00142
Epoch:    400 | Train: 0.4514 0.0262 0.1041 | Test: 0.4241 0.0251 0.0976 | Error: 0.03055 0.02847 0.00208
Epoch:    450 | Train: 0.4436 0.0248 0.1028 | Test: 0.4151 0.0237 0.0945 | Error: 0.02034 0.01948 0.00086
Epoch:    500 | Train: 0.4506 0.0236 0.1067 | Test: 0.4214 0.0225 0.1004 | Error: 0.0158 0.01402 0.00177
Epoch:    550 | Train: 0.4629 0.0234 0.1116 | Test: 0.4347 0.0223 0.1049 | Error: 0.01718 0.01769 -0.00052
Epoch:    600 | Train: 0.471 0.0233 0.1104 | Test: 0.4486 0.0227 0.1066 | Error: 0.03106 0.02805 0.00301
Epoch:    650 | Train: 0.4747 0.0223 0.1117 | Test: 0.4452 0.0213 0.1053 | Error: 0.0154 0.01361 0.00178
Epoch:    700 | Train: 0.469 0.0222 0.1118 | Test: 0.4496 0.0213 0.1069 | Error: 0.01996 0.02123 -0.00127
Epoch:    750 | Train: 0.4613 0.0213 0.1103 | Test: 0.4379 0.0205 0.105 | Error: 0.01135 0.01 0.00134
Epoch:    800 | Train: 0.4649 0.0211 0.109 | Test: 0.4375 0.0203 0.1032 | Error: 0.01426 0.01266 0.0016
Epoch:    850 | Train: 0.5007 0.0229 0.1159 | Test: 0.4809 0.0221 0.111 | Error: 0.03664 0.03721 -0.00056
Epoch:    900 | Train: 0.4894 0.0213 0.1151 | Test: 0.4705 0.0207 0.1101 | Error: 0.02141 0.02008 0.00133
Epoch:    950 | Train: 0.4922 0.0206 0.1186 | Test: 0.4681 0.0198 0.1155 | Error: 0.0138 0.01449 -0.00069
Epoch:  1,000 | Train: 0.4834 0.0203 0.1149 | Test: 0.4642 0.0198 0.1103 | Error: 0.01634 0.01646 -0.00012

====================================================================================================
PERF FORMAT: DATASET | Acuracy: ACC | Loss: LOSS1 LOSS2 LOSS3 | PS: PS
====================================================================================================
Train | Acuracy:  91.23% | Loss: 0.48341 0.02033 0.11493 | PS: 0.01646 
Val   | Acuracy:  91.23% | Loss: 0.47716 0.02059 0.11074 | PS: 0.01965 
Test  | Acuracy:  91.29% | Loss: 0.46417 0.0198 0.11033 | PS: 0.01634 
----------------------------------------------------------------------------------------------------
Optimization error  : 0.01646
Population error    : 0.01634
Generalization error: -0.00012
