Namespace(batch_size=64, beta_moco=0.1, gamma_moco=0.1, gamma_modo=0.1, lr=1.0, moo_method='MGDA', num_epochs=1000, rho_moco=0.1, rho_modo=0.1, seed=6)

==================================================
Model parameter count per layer
==================================================
fc1.weight 	: 401408
fc1.bias 	: 512
fc2.weight 	: 5120
fc2.bias 	: 10
Total number of parametrs : 407050
--------------------------------------------------

====================================================================================================
LOG FORMAT: Epoch: EPOCH | Train: LOSS1 LOSS2 LOSS3 | Test: LOSS1 LOSS2 LOSS3 | Error: POP OPT GEN
====================================================================================================
Epoch:      0 | Train: 2.3525 0.1806 0.931 | Test: 2.355 0.1807 0.9331 | Error: 0.03221 0.03153 0.00068
Epoch:     50 | Train: 1.0807 0.0785 0.3007 | Test: 1.0692 0.0776 0.2978 | Error: 0.04293 0.03882 0.00411
Epoch:    100 | Train: 0.8998 0.0512 0.2698 | Test: 0.8797 0.0494 0.2658 | Error: 0.02627 0.02273 0.00354
Epoch:    150 | Train: 0.8974 0.0443 0.2638 | Test: 0.8774 0.0424 0.2608 | Error: 0.01635 0.0159 0.00045
Epoch:    200 | Train: 0.912 0.0412 0.2572 | Test: 0.8952 0.0394 0.2537 | Error: 0.01331 0.01241 0.00089
Epoch:    250 | Train: 0.9024 0.0394 0.2372 | Test: 0.8868 0.0377 0.2344 | Error: 0.01087 0.00979 0.00108
Epoch:    300 | Train: 0.85 0.0378 0.2141 | Test: 0.8432 0.0364 0.2131 | Error: 0.0122 0.00885 0.00335
Epoch:    350 | Train: 0.5079 0.0326 0.1094 | Test: 0.49 0.0313 0.1057 | Error: 0.02102 0.01978 0.00123
Epoch:    400 | Train: 0.455 0.0279 0.1022 | Test: 0.4359 0.0269 0.097 | Error: 0.02262 0.02149 0.00114
Epoch:    450 | Train: 0.4447 0.0256 0.0998 | Test: 0.428 0.0246 0.0961 | Error: 0.01381 0.01171 0.0021
Epoch:    500 | Train: 0.455 0.0248 0.104 | Test: 0.4309 0.0238 0.0987 | Error: 0.02202 0.02016 0.00186
Epoch:    550 | Train: 0.4583 0.0244 0.1002 | Test: 0.4366 0.0236 0.0949 | Error: 0.02356 0.02224 0.00132
Epoch:    600 | Train: 0.4598 0.0232 0.1055 | Test: 0.4344 0.0223 0.0991 | Error: 0.01463 0.01511 -0.00048
Epoch:    650 | Train: 0.4664 0.0229 0.1071 | Test: 0.44 0.0219 0.1015 | Error: 0.01943 0.02039 -0.00096
Epoch:    700 | Train: 0.4668 0.0224 0.1062 | Test: 0.444 0.0216 0.1003 | Error: 0.0185 0.01885 -0.00036
Epoch:    750 | Train: 0.4851 0.022 0.114 | Test: 0.454 0.021 0.1073 | Error: 0.01559 0.01702 -0.00143
Epoch:    800 | Train: 0.4719 0.0213 0.1088 | Test: 0.4539 0.0208 0.105 | Error: 0.01671 0.01226 0.00445
Epoch:    850 | Train: 0.4772 0.021 0.11 | Test: 0.4474 0.0202 0.1028 | Error: 0.01287 0.01208 0.00079
Epoch:    900 | Train: 0.4957 0.021 0.1144 | Test: 0.4697 0.0206 0.1078 | Error: 0.0237 0.01921 0.00449
Epoch:    950 | Train: 0.5032 0.0211 0.1164 | Test: 0.4771 0.0203 0.111 | Error: 0.02075 0.02059 0.00016
Epoch:  1,000 | Train: 0.4876 0.0199 0.1125 | Test: 0.4576 0.0194 0.1059 | Error: 0.01241 0.00883 0.00358

====================================================================================================
PERF FORMAT: DATASET | Acuracy: ACC | Loss: LOSS1 LOSS2 LOSS3 | PS: PS
====================================================================================================
Train | Acuracy:  91.34% | Loss: 0.48759 0.01994 0.11247 | PS: 0.00883 
Val   | Acuracy:  90.83% | Loss: 0.48303 0.02082 0.11087 | PS: 0.00874 
Test  | Acuracy:  91.37% | Loss: 0.45761 0.0194 0.10592 | PS: 0.01241 
----------------------------------------------------------------------------------------------------
Optimization error  : 0.00883
Population error    : 0.01241
Generalization error: 0.00358
