Namespace(batch_size=64, beta_moco=0.1, gamma_moco=0.1, gamma_modo=0.1, lr=1.0, moo_method='MGDA', num_epochs=1000, rho_moco=0.1, rho_modo=0.1, seed=9)

==================================================
Model parameter count per layer
==================================================
fc1.weight 	: 401408
fc1.bias 	: 512
fc2.weight 	: 5120
fc2.bias 	: 10
Total number of parametrs : 407050
--------------------------------------------------

====================================================================================================
LOG FORMAT: Epoch: EPOCH | Train: LOSS1 LOSS2 LOSS3 | Test: LOSS1 LOSS2 LOSS3 | Error: POP OPT GEN
====================================================================================================
Epoch:      0 | Train: 2.3789 0.181 0.9549 | Test: 2.3839 0.1811 0.9595 | Error: 0.03093 0.03027 0.00066
Epoch:     50 | Train: 0.9045 0.0733 0.2446 | Test: 0.8803 0.0715 0.2382 | Error: 0.0474 0.04329 0.00411
Epoch:    100 | Train: 0.8551 0.052 0.2268 | Test: 0.8347 0.0499 0.2222 | Error: 0.04548 0.04227 0.00321
Epoch:    150 | Train: 0.7763 0.0446 0.195 | Test: 0.7568 0.0428 0.1908 | Error: 0.02937 0.02726 0.00211
Epoch:    200 | Train: 0.4693 0.036 0.0994 | Test: 0.4404 0.034 0.0934 | Error: 0.02299 0.02264 0.00034
Epoch:    250 | Train: 0.4462 0.0316 0.0959 | Test: 0.4245 0.0299 0.0912 | Error: 0.02962 0.02982 -0.0002
Epoch:    300 | Train: 0.4255 0.0285 0.0923 | Test: 0.4045 0.0268 0.0882 | Error: 0.02446 0.0248 -0.00034
Epoch:    350 | Train: 0.4312 0.0264 0.0977 | Test: 0.4124 0.0252 0.0936 | Error: 0.01998 0.01684 0.00313
Epoch:    400 | Train: 0.4396 0.0252 0.1011 | Test: 0.4171 0.024 0.0968 | Error: 0.02255 0.01902 0.00353
Epoch:    450 | Train: 0.4459 0.0242 0.1031 | Test: 0.421 0.023 0.0975 | Error: 0.01256 0.01027 0.00229
Epoch:    500 | Train: 0.4602 0.0242 0.1058 | Test: 0.4384 0.023 0.1016 | Error: 0.02546 0.02534 0.00011
Epoch:    550 | Train: 0.473 0.0231 0.113 | Test: 0.4443 0.0219 0.1069 | Error: 0.01474 0.01531 -0.00057
Epoch:    600 | Train: 0.4705 0.0227 0.1106 | Test: 0.4454 0.0219 0.1053 | Error: 0.02107 0.0181 0.00297
Epoch:    650 | Train: 0.4734 0.0223 0.1112 | Test: 0.4487 0.0212 0.1057 | Error: 0.01588 0.0172 -0.00132
Epoch:    700 | Train: 0.484 0.0225 0.1149 | Test: 0.4503 0.0212 0.1054 | Error: 0.0228 0.02483 -0.00202
Epoch:    750 | Train: 0.4964 0.0226 0.1148 | Test: 0.478 0.0217 0.1105 | Error: 0.03109 0.03111 -2e-05
Epoch:    800 | Train: 0.4677 0.0209 0.1103 | Test: 0.4512 0.0201 0.1063 | Error: 0.01191 0.01042 0.00149
Epoch:    850 | Train: 0.4886 0.0213 0.1137 | Test: 0.4689 0.0207 0.1084 | Error: 0.02278 0.01977 0.00301
Epoch:    900 | Train: 0.4749 0.0205 0.1111 | Test: 0.4554 0.0199 0.1063 | Error: 0.01694 0.01511 0.00183
Epoch:    950 | Train: 0.4724 0.0198 0.1108 | Test: 0.4481 0.0191 0.105 | Error: 0.00831 0.00667 0.00164
Epoch:  1,000 | Train: 0.49 0.0201 0.1153 | Test: 0.4647 0.0193 0.1105 | Error: 0.01144 0.01179 -0.00035

====================================================================================================
PERF FORMAT: DATASET | Acuracy: ACC | Loss: LOSS1 LOSS2 LOSS3 | PS: PS
====================================================================================================
Train | Acuracy:  91.17% | Loss: 0.48996 0.02005 0.11528 | PS: 0.01179 
Val   | Acuracy:  90.78% | Loss: 0.51432 0.0207 0.12124 | PS: 0.01399 
Test  | Acuracy:  91.42% | Loss: 0.46472 0.01934 0.1105 | PS: 0.01144 
----------------------------------------------------------------------------------------------------
Optimization error  : 0.01179
Population error    : 0.01144
Generalization error: -0.00035
