Namespace(batch_size=64, beta_moco=0.1, gamma_moco=0.01, gamma_modo=0.1, lr=0.1, moo_method='MoCo', num_epochs=1000, rho_moco=0.1, rho_modo=0.1, seed=2)

==================================================
Model parameter count per layer
==================================================
fc1.weight 	: 401408
fc1.bias 	: 512
fc2.weight 	: 5120
fc2.bias 	: 10
Total number of parametrs : 407050
--------------------------------------------------

====================================================================================================
LOG FORMAT: Epoch: EPOCH | Train: LOSS1 LOSS2 LOSS3 | Test: LOSS1 LOSS2 LOSS3 | Error: POP OPT GEN
====================================================================================================
Epoch:      0 | Train: 2.2838 0.1792 0.8559 | Test: 2.2852 0.1792 0.857 | Error: 0.03303 0.03223 0.00079
Epoch:     50 | Train: 0.7063 0.0836 0.0912 | Test: 0.6855 0.082 0.0866 | Error: 0.0575 0.05395 0.00355
Epoch:    100 | Train: 0.533 0.0627 0.0728 | Test: 0.5109 0.0606 0.0692 | Error: 0.04165 0.0409 0.00075
Epoch:    150 | Train: 0.4619 0.0535 0.0657 | Test: 0.4419 0.0516 0.0622 | Error: 0.03118 0.02579 0.00539
Epoch:    200 | Train: 0.4251 0.0479 0.0633 | Test: 0.4054 0.0461 0.0598 | Error: 0.03257 0.02702 0.00555
Epoch:    250 | Train: 0.4036 0.0444 0.0617 | Test: 0.3813 0.0424 0.0574 | Error: 0.02767 0.02629 0.00137
Epoch:    300 | Train: 0.3882 0.0425 0.0592 | Test: 0.3681 0.0407 0.0551 | Error: 0.02923 0.02882 0.00041
Epoch:    350 | Train: 0.3735 0.0404 0.058 | Test: 0.3568 0.0387 0.0554 | Error: 0.0267 0.02392 0.00278
Epoch:    400 | Train: 0.3613 0.0384 0.0573 | Test: 0.3448 0.0368 0.0547 | Error: 0.02438 0.01882 0.00556
Epoch:    450 | Train: 0.3529 0.0371 0.0565 | Test: 0.3375 0.0356 0.0541 | Error: 0.02173 0.02031 0.00143
Epoch:    500 | Train: 0.3466 0.0368 0.0553 | Test: 0.3305 0.0352 0.0525 | Error: 0.02316 0.0239 -0.00074
Epoch:    550 | Train: 0.3413 0.0357 0.0546 | Test: 0.3285 0.0344 0.0529 | Error: 0.02788 0.01985 0.00802
Epoch:    600 | Train: 0.3412 0.0354 0.0547 | Test: 0.3272 0.0339 0.0524 | Error: 0.03298 0.03337 -0.00039
Epoch:    650 | Train: 0.3343 0.0343 0.0542 | Test: 0.3245 0.033 0.053 | Error: 0.02544 0.02238 0.00306
Epoch:    700 | Train: 0.3358 0.0345 0.0541 | Test: 0.3265 0.0332 0.0532 | Error: 0.03492 0.03285 0.00207
Epoch:    750 | Train: 0.3261 0.0331 0.0532 | Test: 0.3159 0.0318 0.0524 | Error: 0.02154 0.01983 0.00171
Epoch:    800 | Train: 0.3237 0.033 0.0525 | Test: 0.3118 0.0316 0.0517 | Error: 0.02212 0.02125 0.00087
Epoch:    850 | Train: 0.3254 0.0326 0.0535 | Test: 0.3157 0.0314 0.0525 | Error: 0.02454 0.0245 4e-05
Epoch:    900 | Train: 0.3164 0.0317 0.052 | Test: 0.3076 0.0308 0.0511 | Error: 0.02258 0.01504 0.00754
Epoch:    950 | Train: 0.3192 0.0318 0.0526 | Test: 0.3107 0.0307 0.0512 | Error: 0.02536 0.02393 0.00143
Epoch:  1,000 | Train: 0.321 0.0323 0.0529 | Test: 0.3143 0.0311 0.0529 | Error: 0.0354 0.03583 -0.00043

====================================================================================================
PERF FORMAT: DATASET | Acuracy: ACC | Loss: LOSS1 LOSS2 LOSS3 | PS: PS
====================================================================================================
Train | Acuracy:  90.97% | Loss: 0.321 0.03231 0.05291 | PS: 0.03583 
Val   | Acuracy:  90.46% | Loss: 0.33698 0.03273 0.05799 | PS: 0.03704 
Test  | Acuracy:  91.33% | Loss: 0.31431 0.03115 0.0529 | PS: 0.0354 
----------------------------------------------------------------------------------------------------
Optimization error  : 0.03583
Population error    : 0.0354
Generalization error: -0.00043
