Namespace(batch_size=64, beta_moco=0.1, gamma_moco=0.01, gamma_modo=0.1, lr=0.1, moo_method='MoCo', num_epochs=1000, rho_moco=0.1, rho_modo=0.1, seed=3)

==================================================
Model parameter count per layer
==================================================
fc1.weight 	: 401408
fc1.bias 	: 512
fc2.weight 	: 5120
fc2.bias 	: 10
Total number of parametrs : 407050
--------------------------------------------------

====================================================================================================
LOG FORMAT: Epoch: EPOCH | Train: LOSS1 LOSS2 LOSS3 | Test: LOSS1 LOSS2 LOSS3 | Error: POP OPT GEN
====================================================================================================
Epoch:      0 | Train: 2.3215 0.1797 0.8909 | Test: 2.3254 0.1798 0.8934 | Error: 0.03451 0.03394 0.00057
Epoch:     50 | Train: 0.7064 0.0833 0.092 | Test: 0.6826 0.0815 0.0863 | Error: 0.05328 0.05215 0.00113
Epoch:    100 | Train: 0.5277 0.0624 0.0718 | Test: 0.5048 0.0605 0.0667 | Error: 0.04283 0.04159 0.00125
Epoch:    150 | Train: 0.4573 0.0528 0.0656 | Test: 0.4376 0.051 0.0617 | Error: 0.02867 0.02458 0.0041
Epoch:    200 | Train: 0.4258 0.0481 0.0631 | Test: 0.4098 0.0466 0.0602 | Error: 0.04153 0.03546 0.00608
Epoch:    250 | Train: 0.4054 0.0447 0.0616 | Test: 0.3918 0.0434 0.0597 | Error: 0.03967 0.03447 0.0052
Epoch:    300 | Train: 0.3866 0.0421 0.0601 | Test: 0.3719 0.0407 0.0575 | Error: 0.03311 0.02967 0.00345
Epoch:    350 | Train: 0.38 0.041 0.0598 | Test: 0.363 0.0395 0.0569 | Error: 0.04094 0.0412 -0.00026
Epoch:    400 | Train: 0.3634 0.0392 0.0567 | Test: 0.3485 0.0379 0.0539 | Error: 0.02818 0.02141 0.00677
Epoch:    450 | Train: 0.3567 0.0379 0.0562 | Test: 0.3441 0.0366 0.0543 | Error: 0.02907 0.02414 0.00493
Epoch:    500 | Train: 0.351 0.0368 0.0558 | Test: 0.3394 0.0357 0.0539 | Error: 0.02804 0.02322 0.00482
Epoch:    550 | Train: 0.3486 0.0363 0.0561 | Test: 0.3332 0.0348 0.0535 | Error: 0.02919 0.03112 -0.00193
Epoch:    600 | Train: 0.3407 0.0351 0.0555 | Test: 0.327 0.0338 0.0534 | Error: 0.02557 0.02243 0.00314
Epoch:    650 | Train: 0.3385 0.0346 0.0558 | Test: 0.3244 0.0332 0.0537 | Error: 0.02654 0.02603 0.00051
Epoch:    700 | Train: 0.3302 0.0339 0.0537 | Test: 0.3197 0.0327 0.0527 | Error: 0.02104 0.01672 0.00432
Epoch:    750 | Train: 0.3302 0.0336 0.0542 | Test: 0.3181 0.0324 0.052 | Error: 0.02614 0.02557 0.00057
Epoch:    800 | Train: 0.3271 0.0333 0.0535 | Test: 0.3161 0.0321 0.0519 | Error: 0.02656 0.02623 0.00033
Epoch:    850 | Train: 0.3223 0.0325 0.053 | Test: 0.3117 0.0313 0.0524 | Error: 0.01965 0.01762 0.00203
Epoch:    900 | Train: 0.3233 0.0325 0.0531 | Test: 0.3139 0.0315 0.0519 | Error: 0.03209 0.02949 0.0026
Epoch:    950 | Train: 0.3186 0.0321 0.0522 | Test: 0.3064 0.0309 0.0504 | Error: 0.02539 0.02499 0.00039
Epoch:  1,000 | Train: 0.315 0.0313 0.0524 | Test: 0.3063 0.0304 0.0514 | Error: 0.02702 0.02022 0.0068

====================================================================================================
PERF FORMAT: DATASET | Acuracy: ACC | Loss: LOSS1 LOSS2 LOSS3 | PS: PS
====================================================================================================
Train | Acuracy:  91.05% | Loss: 0.31505 0.03134 0.0524 | PS: 0.02022 
Val   | Acuracy:  90.46% | Loss: 0.33186 0.03253 0.05561 | PS: 0.02162 
Test  | Acuracy:  91.23% | Loss: 0.30626 0.0304 0.05143 | PS: 0.02702 
----------------------------------------------------------------------------------------------------
Optimization error  : 0.02022
Population error    : 0.02702
Generalization error: 0.0068
