Namespace(batch_size=64, beta_moco=0.1, gamma_moco=0.01, gamma_modo=0.1, lr=0.1, moo_method='MoCo', num_epochs=1000, rho_moco=0.1, rho_modo=0.1, seed=6)

==================================================
Model parameter count per layer
==================================================
fc1.weight 	: 401408
fc1.bias 	: 512
fc2.weight 	: 5120
fc2.bias 	: 10
Total number of parametrs : 407050
--------------------------------------------------

====================================================================================================
LOG FORMAT: Epoch: EPOCH | Train: LOSS1 LOSS2 LOSS3 | Test: LOSS1 LOSS2 LOSS3 | Error: POP OPT GEN
====================================================================================================
Epoch:      0 | Train: 2.3525 0.1806 0.931 | Test: 2.355 0.1807 0.9331 | Error: 0.03221 0.03153 0.00068
Epoch:     50 | Train: 0.71 0.0845 0.0903 | Test: 0.6836 0.0826 0.0826 | Error: 0.05506 0.05535 -0.00028
Epoch:    100 | Train: 0.5388 0.0632 0.0739 | Test: 0.5157 0.0613 0.0686 | Error: 0.0487 0.04499 0.00371
Epoch:    150 | Train: 0.4693 0.0543 0.0676 | Test: 0.4458 0.0523 0.0628 | Error: 0.03785 0.03889 -0.00104
Epoch:    200 | Train: 0.4292 0.0485 0.0633 | Test: 0.4082 0.0467 0.0589 | Error: 0.03421 0.03234 0.00187
Epoch:    250 | Train: 0.4082 0.0455 0.0613 | Test: 0.3876 0.0438 0.0574 | Error: 0.03325 0.03025 0.003
Epoch:    300 | Train: 0.3913 0.0424 0.0606 | Test: 0.3746 0.0408 0.0577 | Error: 0.02782 0.02415 0.00367
Epoch:    350 | Train: 0.3837 0.0415 0.0595 | Test: 0.3642 0.0396 0.0562 | Error: 0.03105 0.03246 -0.00141
Epoch:    400 | Train: 0.3689 0.0394 0.058 | Test: 0.3519 0.0379 0.0548 | Error: 0.02958 0.0281 0.00148
Epoch:    450 | Train: 0.3634 0.0378 0.0587 | Test: 0.3484 0.0366 0.056 | Error: 0.03471 0.03028 0.00443
Epoch:    500 | Train: 0.3543 0.0369 0.057 | Test: 0.3394 0.0355 0.0549 | Error: 0.02778 0.02617 0.00161
Epoch:    550 | Train: 0.3473 0.0361 0.0554 | Test: 0.3328 0.0349 0.0531 | Error: 0.0223 0.01969 0.0026
Epoch:    600 | Train: 0.3483 0.0356 0.0568 | Test: 0.3371 0.0345 0.055 | Error: 0.03489 0.03386 0.00102
Epoch:    650 | Train: 0.3353 0.0344 0.0544 | Test: 0.3224 0.0334 0.0522 | Error: 0.02407 0.01956 0.00451
Epoch:    700 | Train: 0.3376 0.0345 0.0547 | Test: 0.3252 0.0333 0.0531 | Error: 0.02896 0.02987 -0.00091
Epoch:    750 | Train: 0.3312 0.0338 0.0538 | Test: 0.3214 0.0326 0.0532 | Error: 0.02568 0.02607 -0.00039
Epoch:    800 | Train: 0.3277 0.0336 0.0526 | Test: 0.3201 0.0326 0.0522 | Error: 0.03296 0.02792 0.00504
Epoch:    850 | Train: 0.3245 0.0326 0.0529 | Test: 0.3149 0.0317 0.052 | Error: 0.02586 0.02061 0.00526
Epoch:    900 | Train: 0.3236 0.0325 0.0529 | Test: 0.3117 0.0313 0.0512 | Error: 0.02356 0.02181 0.00175
Epoch:    950 | Train: 0.3186 0.0318 0.0524 | Test: 0.3069 0.0307 0.0507 | Error: 0.01991 0.01722 0.00268
Epoch:  1,000 | Train: 0.3218 0.0324 0.0524 | Test: 0.3109 0.0314 0.051 | Error: 0.03804 0.03419 0.00385

====================================================================================================
PERF FORMAT: DATASET | Acuracy: ACC | Loss: LOSS1 LOSS2 LOSS3 | PS: PS
====================================================================================================
Train | Acuracy:  90.81% | Loss: 0.32185 0.03239 0.05241 | PS: 0.03419 
Val   | Acuracy:  90.36% | Loss: 0.32924 0.03319 0.05536 | PS: 0.03459 
Test  | Acuracy:  91.21% | Loss: 0.31089 0.03143 0.05103 | PS: 0.03804 
----------------------------------------------------------------------------------------------------
Optimization error  : 0.03419
Population error    : 0.03804
Generalization error: 0.00385
