Namespace(batch_size=64, beta_moco=0.1, gamma_moco=0.01, gamma_modo=0.1, lr=0.1, moo_method='MoCo', num_epochs=1000, rho_moco=0.1, rho_modo=0.1, seed=9)

==================================================
Model parameter count per layer
==================================================
fc1.weight 	: 401408
fc1.bias 	: 512
fc2.weight 	: 5120
fc2.bias 	: 10
Total number of parametrs : 407050
--------------------------------------------------

====================================================================================================
LOG FORMAT: Epoch: EPOCH | Train: LOSS1 LOSS2 LOSS3 | Test: LOSS1 LOSS2 LOSS3 | Error: POP OPT GEN
====================================================================================================
Epoch:      0 | Train: 2.3789 0.181 0.9549 | Test: 2.3839 0.1811 0.9595 | Error: 0.03093 0.03027 0.00066
Epoch:     50 | Train: 0.7142 0.0855 0.0874 | Test: 0.6911 0.0837 0.0819 | Error: 0.06251 0.05791 0.00459
Epoch:    100 | Train: 0.5312 0.0624 0.0739 | Test: 0.5092 0.0605 0.0689 | Error: 0.04276 0.04007 0.00268
Epoch:    150 | Train: 0.465 0.0535 0.0672 | Test: 0.4436 0.0515 0.0632 | Error: 0.0345 0.03215 0.00236
Epoch:    200 | Train: 0.4302 0.0489 0.0629 | Test: 0.4098 0.047 0.059 | Error: 0.03557 0.03396 0.0016
Epoch:    250 | Train: 0.4046 0.045 0.0613 | Test: 0.3849 0.0432 0.0577 | Error: 0.02672 0.02683 -0.00011
Epoch:    300 | Train: 0.3892 0.0432 0.0585 | Test: 0.3729 0.0416 0.0556 | Error: 0.03319 0.03119 0.00199
Epoch:    350 | Train: 0.3758 0.0414 0.0573 | Test: 0.361 0.04 0.0546 | Error: 0.03549 0.03117 0.00432
Epoch:    400 | Train: 0.3662 0.0396 0.0571 | Test: 0.3534 0.0382 0.0556 | Error: 0.0348 0.02955 0.00526
Epoch:    450 | Train: 0.3627 0.0387 0.0573 | Test: 0.347 0.0369 0.0553 | Error: 0.03703 0.03807 -0.00103
Epoch:    500 | Train: 0.3521 0.0371 0.056 | Test: 0.3402 0.0356 0.055 | Error: 0.03086 0.02844 0.00242
Epoch:    550 | Train: 0.348 0.0365 0.0562 | Test: 0.3341 0.0352 0.0538 | Error: 0.03044 0.02774 0.00269
Epoch:    600 | Train: 0.3394 0.0357 0.0542 | Test: 0.3267 0.0342 0.0525 | Error: 0.02402 0.02161 0.00241
Epoch:    650 | Train: 0.3408 0.035 0.0556 | Test: 0.3275 0.0337 0.0534 | Error: 0.02927 0.02584 0.00343
Epoch:    700 | Train: 0.332 0.0343 0.0539 | Test: 0.3189 0.0328 0.0521 | Error: 0.0173 0.01806 -0.00076
Epoch:    750 | Train: 0.3301 0.034 0.0534 | Test: 0.3184 0.0326 0.0524 | Error: 0.028 0.02676 0.00124
Epoch:    800 | Train: 0.3282 0.0338 0.0524 | Test: 0.3172 0.0325 0.0509 | Error: 0.03225 0.02932 0.00292
Epoch:    850 | Train: 0.3253 0.033 0.0532 | Test: 0.3116 0.0314 0.0511 | Error: 0.02393 0.02455 -0.00062
Epoch:    900 | Train: 0.3202 0.0324 0.0524 | Test: 0.3086 0.0312 0.051 | Error: 0.02638 0.02224 0.00414
Epoch:    950 | Train: 0.3199 0.0321 0.0526 | Test: 0.3095 0.0309 0.0512 | Error: 0.03025 0.02706 0.0032
Epoch:  1,000 | Train: 0.3149 0.0314 0.0521 | Test: 0.3022 0.03 0.0507 | Error: 0.01569 0.01499 0.0007

====================================================================================================
PERF FORMAT: DATASET | Acuracy: ACC | Loss: LOSS1 LOSS2 LOSS3 | PS: PS
====================================================================================================
Train | Acuracy:  91.01% | Loss: 0.3149 0.03138 0.05206 | PS: 0.01499 
Val   | Acuracy:  90.59% | Loss: 0.32638 0.0317 0.05581 | PS: 0.01611 
Test  | Acuracy:  91.49% | Loss: 0.30224 0.02998 0.05072 | PS: 0.01569 
----------------------------------------------------------------------------------------------------
Optimization error  : 0.01499
Population error    : 0.01569
Generalization error: 0.0007
