Namespace(batch_size=64, beta_moco=0.1, gamma_moco=0.01, gamma_modo=0.1, lr=0.1, moo_method='MoCo', num_epochs=1000, rho_moco=0.1, rho_modo=0.1, seed=4)

==================================================
Model parameter count per layer
==================================================
fc1.weight 	: 401408
fc1.bias 	: 512
fc2.weight 	: 5120
fc2.bias 	: 10
Total number of parametrs : 407050
--------------------------------------------------

====================================================================================================
LOG FORMAT: Epoch: EPOCH | Train: LOSS1 LOSS2 LOSS3 | Test: LOSS1 LOSS2 LOSS3 | Error: POP OPT GEN
====================================================================================================
Epoch:      0 | Train: 2.3068 0.1796 0.8833 | Test: 2.3125 0.1797 0.889 | Error: 0.03209 0.03157 0.00052
Epoch:     50 | Train: 0.7088 0.0842 0.0888 | Test: 0.6873 0.0825 0.0843 | Error: 0.05957 0.05849 0.00108
Epoch:    100 | Train: 0.5309 0.0627 0.0721 | Test: 0.51 0.061 0.0674 | Error: 0.04797 0.04781 0.00017
Epoch:    150 | Train: 0.462 0.0532 0.0674 | Test: 0.443 0.0514 0.0637 | Error: 0.04222 0.0418 0.00042
Epoch:    200 | Train: 0.4251 0.0483 0.0626 | Test: 0.4084 0.0466 0.0598 | Error: 0.04297 0.03935 0.00361
Epoch:    250 | Train: 0.3991 0.044 0.0617 | Test: 0.3836 0.0424 0.0587 | Error: 0.02937 0.0279 0.00147
Epoch:    300 | Train: 0.3843 0.0419 0.06 | Test: 0.3701 0.0405 0.0574 | Error: 0.03231 0.02761 0.0047
Epoch:    350 | Train: 0.3685 0.0396 0.0584 | Test: 0.3525 0.0382 0.0547 | Error: 0.02187 0.0175 0.00437
Epoch:    400 | Train: 0.3607 0.0383 0.0578 | Test: 0.3473 0.037 0.0553 | Error: 0.02453 0.01963 0.0049
Epoch:    450 | Train: 0.3565 0.0379 0.0568 | Test: 0.3447 0.0366 0.0551 | Error: 0.03519 0.03209 0.00311
Epoch:    500 | Train: 0.3485 0.0368 0.0554 | Test: 0.3332 0.0355 0.0524 | Error: 0.02142 0.01924 0.00218
Epoch:    550 | Train: 0.3445 0.0357 0.0561 | Test: 0.3369 0.0347 0.0554 | Error: 0.02691 0.02228 0.00464
Epoch:    600 | Train: 0.3407 0.0354 0.0551 | Test: 0.33 0.0344 0.0531 | Error: 0.0339 0.02921 0.00469
Epoch:    650 | Train: 0.3377 0.0348 0.0549 | Test: 0.3269 0.0335 0.0543 | Error: 0.03335 0.03001 0.00334
Epoch:    700 | Train: 0.329 0.0336 0.0541 | Test: 0.3186 0.0325 0.0526 | Error: 0.02494 0.02187 0.00307
Epoch:    750 | Train: 0.3301 0.0334 0.0546 | Test: 0.3207 0.0321 0.0543 | Error: 0.02959 0.02986 -0.00027
Epoch:    800 | Train: 0.3251 0.0326 0.0541 | Test: 0.3156 0.0313 0.0536 | Error: 0.02443 0.02539 -0.00096
Epoch:    850 | Train: 0.3201 0.032 0.0535 | Test: 0.3144 0.031 0.0539 | Error: 0.02466 0.02058 0.00408
Epoch:    900 | Train: 0.3193 0.0319 0.0531 | Test: 0.3141 0.0309 0.0534 | Error: 0.02205 0.02115 0.0009
Epoch:    950 | Train: 0.315 0.0313 0.0525 | Test: 0.31 0.0305 0.0531 | Error: 0.01935 0.01382 0.00553
Epoch:  1,000 | Train: 0.3141 0.0313 0.0522 | Test: 0.3097 0.0305 0.053 | Error: 0.0247 0.02082 0.00388

====================================================================================================
PERF FORMAT: DATASET | Acuracy: ACC | Loss: LOSS1 LOSS2 LOSS3 | PS: PS
====================================================================================================
Train | Acuracy:  91.10% | Loss: 0.3141 0.03131 0.05222 | PS: 0.02082 
Val   | Acuracy:  90.39% | Loss: 0.33355 0.03244 0.05625 | PS: 0.02353 
Test  | Acuracy:  90.98% | Loss: 0.30973 0.03047 0.05299 | PS: 0.0247 
----------------------------------------------------------------------------------------------------
Optimization error  : 0.02082
Population error    : 0.0247
Generalization error: 0.00388
