Namespace(batch_size=64, beta_moco=0.1, gamma_moco=0.01, gamma_modo=0.1, lr=0.1, moo_method='MoCo', num_epochs=1000, rho_moco=0.1, rho_modo=0.1, seed=5)

==================================================
Model parameter count per layer
==================================================
fc1.weight 	: 401408
fc1.bias 	: 512
fc2.weight 	: 5120
fc2.bias 	: 10
Total number of parametrs : 407050
--------------------------------------------------

====================================================================================================
LOG FORMAT: Epoch: EPOCH | Train: LOSS1 LOSS2 LOSS3 | Test: LOSS1 LOSS2 LOSS3 | Error: POP OPT GEN
====================================================================================================
Epoch:      0 | Train: 2.3112 0.1799 0.8888 | Test: 2.3147 0.1799 0.8916 | Error: 0.03278 0.03197 0.00081
Epoch:     50 | Train: 0.7062 0.0843 0.0896 | Test: 0.6811 0.0823 0.084 | Error: 0.0554 0.05408 0.00133
Epoch:    100 | Train: 0.5253 0.0624 0.0714 | Test: 0.5028 0.0604 0.067 | Error: 0.04268 0.04004 0.00265
Epoch:    150 | Train: 0.4619 0.0538 0.0655 | Test: 0.4435 0.0521 0.0624 | Error: 0.04241 0.04003 0.00238
Epoch:    200 | Train: 0.4212 0.048 0.0621 | Test: 0.4049 0.0464 0.0593 | Error: 0.02872 0.02649 0.00223
Epoch:    250 | Train: 0.4021 0.0446 0.061 | Test: 0.3878 0.0431 0.0591 | Error: 0.0312 0.0283 0.00289
Epoch:    300 | Train: 0.385 0.0418 0.0602 | Test: 0.3715 0.0403 0.0589 | Error: 0.02684 0.02558 0.00126
Epoch:    350 | Train: 0.3736 0.0401 0.0588 | Test: 0.3592 0.0387 0.0572 | Error: 0.03675 0.03293 0.00382
Epoch:    400 | Train: 0.3638 0.0384 0.0583 | Test: 0.3491 0.037 0.056 | Error: 0.02932 0.02707 0.00225
Epoch:    450 | Train: 0.3553 0.0376 0.0569 | Test: 0.3424 0.0363 0.0553 | Error: 0.03328 0.02854 0.00474
Epoch:    500 | Train: 0.349 0.0366 0.0567 | Test: 0.3389 0.0353 0.0554 | Error: 0.02956 0.02752 0.00205
Epoch:    550 | Train: 0.3501 0.0363 0.0566 | Test: 0.3355 0.0348 0.0542 | Error: 0.03167 0.03175 -8e-05
Epoch:    600 | Train: 0.3368 0.0348 0.0544 | Test: 0.3268 0.0336 0.0537 | Error: 0.02592 0.02067 0.00526
Epoch:    650 | Train: 0.3385 0.0351 0.0543 | Test: 0.3276 0.0339 0.053 | Error: 0.03559 0.03315 0.00244
Epoch:    700 | Train: 0.3364 0.0346 0.0545 | Test: 0.3224 0.0333 0.0524 | Error: 0.0333 0.03328 2e-05
Epoch:    750 | Train: 0.328 0.0331 0.0547 | Test: 0.3154 0.0318 0.0528 | Error: 0.02254 0.02146 0.00108
Epoch:    800 | Train: 0.3226 0.0329 0.0525 | Test: 0.311 0.0316 0.0509 | Error: 0.0188 0.0165 0.0023
Epoch:    850 | Train: 0.3254 0.0332 0.0528 | Test: 0.3159 0.0321 0.052 | Error: 0.03042 0.02918 0.00124
Epoch:    900 | Train: 0.3202 0.0322 0.0519 | Test: 0.3137 0.0313 0.0519 | Error: 0.0224 0.01908 0.00332
Epoch:    950 | Train: 0.3178 0.0323 0.0516 | Test: 0.3075 0.0312 0.0509 | Error: 0.02689 0.02635 0.00054
Epoch:  1,000 | Train: 0.314 0.0318 0.0512 | Test: 0.3054 0.0308 0.051 | Error: 0.02473 0.02099 0.00374

====================================================================================================
PERF FORMAT: DATASET | Acuracy: ACC | Loss: LOSS1 LOSS2 LOSS3 | PS: PS
====================================================================================================
Train | Acuracy:  91.22% | Loss: 0.31402 0.03181 0.05116 | PS: 0.02099 
Val   | Acuracy:  90.30% | Loss: 0.34181 0.03315 0.05922 | PS: 0.02349 
Test  | Acuracy:  91.39% | Loss: 0.30539 0.03078 0.05096 | PS: 0.02473 
----------------------------------------------------------------------------------------------------
Optimization error  : 0.02099
Population error    : 0.02473
Generalization error: 0.00374
