Namespace(batch_size=64, beta_moco=0.1, gamma_moco=0.01, gamma_modo=0.1, lr=0.1, moo_method='MoCo', num_epochs=1000, rho_moco=0.1, rho_modo=0.1, seed=7)

==================================================
Model parameter count per layer
==================================================
fc1.weight 	: 401408
fc1.bias 	: 512
fc2.weight 	: 5120
fc2.bias 	: 10
Total number of parametrs : 407050
--------------------------------------------------

====================================================================================================
LOG FORMAT: Epoch: EPOCH | Train: LOSS1 LOSS2 LOSS3 | Test: LOSS1 LOSS2 LOSS3 | Error: POP OPT GEN
====================================================================================================
Epoch:      0 | Train: 2.3352 0.18 0.9057 | Test: 2.3277 0.1799 0.8983 | Error: 0.03277 0.03159 0.00118
Epoch:     50 | Train: 0.7211 0.0864 0.0887 | Test: 0.6989 0.0846 0.084 | Error: 0.06328 0.05914 0.00414
Epoch:    100 | Train: 0.5339 0.0639 0.0711 | Test: 0.5102 0.0619 0.0664 | Error: 0.04568 0.04251 0.00317
Epoch:    150 | Train: 0.4659 0.0543 0.0656 | Test: 0.444 0.0525 0.0611 | Error: 0.03626 0.03411 0.00215
Epoch:    200 | Train: 0.4286 0.0487 0.063 | Test: 0.4047 0.0467 0.0582 | Error: 0.02944 0.02863 0.00081
Epoch:    250 | Train: 0.4121 0.0462 0.0612 | Test: 0.3901 0.0442 0.0576 | Error: 0.0427 0.0404 0.0023
Epoch:    300 | Train: 0.3883 0.0428 0.0588 | Test: 0.3688 0.041 0.0555 | Error: 0.03161 0.027 0.00461
Epoch:    350 | Train: 0.3747 0.0408 0.0582 | Test: 0.3578 0.0393 0.0558 | Error: 0.03465 0.02851 0.00614
Epoch:    400 | Train: 0.364 0.039 0.0573 | Test: 0.3459 0.0375 0.0543 | Error: 0.02679 0.02126 0.00553
Epoch:    450 | Train: 0.3579 0.0381 0.0566 | Test: 0.3397 0.0365 0.0539 | Error: 0.03077 0.02796 0.00281
Epoch:    500 | Train: 0.351 0.0369 0.0563 | Test: 0.3327 0.0352 0.054 | Error: 0.02881 0.02686 0.00195
Epoch:    550 | Train: 0.3481 0.0365 0.0564 | Test: 0.3325 0.035 0.0544 | Error: 0.0323 0.03165 0.00066
Epoch:    600 | Train: 0.3447 0.0357 0.0557 | Test: 0.3346 0.0345 0.0553 | Error: 0.03832 0.03272 0.0056
Epoch:    650 | Train: 0.334 0.0344 0.0543 | Test: 0.3215 0.0331 0.0533 | Error: 0.02109 0.01474 0.00635
Epoch:    700 | Train: 0.3317 0.0341 0.0542 | Test: 0.3195 0.0329 0.0529 | Error: 0.02677 0.0257 0.00107
Epoch:    750 | Train: 0.3283 0.0336 0.0537 | Test: 0.3153 0.0321 0.0523 | Error: 0.02119 0.02186 -0.00067
Epoch:    800 | Train: 0.3262 0.0337 0.0525 | Test: 0.3137 0.0323 0.0513 | Error: 0.02263 0.02079 0.00184
Epoch:    850 | Train: 0.3251 0.0331 0.0531 | Test: 0.3157 0.0318 0.0529 | Error: 0.02671 0.02587 0.00085
Epoch:    900 | Train: 0.3208 0.0325 0.0524 | Test: 0.3121 0.0314 0.0523 | Error: 0.02149 0.0169 0.00459
Epoch:    950 | Train: 0.3173 0.0318 0.0524 | Test: 0.3064 0.0306 0.0519 | Error: 0.01591 0.01416 0.00175
Epoch:  1,000 | Train: 0.3174 0.032 0.0522 | Test: 0.3087 0.0309 0.0522 | Error: 0.02463 0.02154 0.00309

====================================================================================================
PERF FORMAT: DATASET | Acuracy: ACC | Loss: LOSS1 LOSS2 LOSS3 | PS: PS
====================================================================================================
Train | Acuracy:  90.82% | Loss: 0.3174 0.03199 0.05222 | PS: 0.02154 
Val   | Acuracy:  90.87% | Loss: 0.32251 0.03195 0.05426 | PS: 0.02395 
Test  | Acuracy:  91.16% | Loss: 0.30874 0.03091 0.05217 | PS: 0.02463 
----------------------------------------------------------------------------------------------------
Optimization error  : 0.02154
Population error    : 0.02463
Generalization error: 0.00309
