Namespace(batch_size=64, beta_moco=0.1, gamma_moco=0.1, gamma_modo=0.01, lr=0.1, moo_method='MoDo', num_epochs=1000, rho_moco=0.1, rho_modo=0.1, seed=4)

==================================================
Model parameter count per layer
==================================================
fc1.weight 	: 401408
fc1.bias 	: 512
fc2.weight 	: 5120
fc2.bias 	: 10
Total number of parametrs : 407050
--------------------------------------------------

====================================================================================================
LOG FORMAT: Epoch: EPOCH | Train: LOSS1 LOSS2 LOSS3 | Test: LOSS1 LOSS2 LOSS3 | Error: POP OPT GEN
====================================================================================================
Epoch:      0 | Train: 2.3068 0.1796 0.8833 | Test: 2.3125 0.1797 0.889 | Error: 0.03209 0.03157 0.00052
Epoch:     50 | Train: 0.727 0.0888 0.0813 | Test: 0.708 0.0872 0.0777 | Error: 0.07422 0.07227 0.00195
Epoch:    100 | Train: 0.5409 0.0654 0.0694 | Test: 0.5225 0.0637 0.066 | Error: 0.05119 0.04863 0.00257
Epoch:    150 | Train: 0.4661 0.0545 0.0652 | Test: 0.4486 0.0529 0.0619 | Error: 0.03303 0.03269 0.00034
Epoch:    200 | Train: 0.4287 0.049 0.0628 | Test: 0.4137 0.0474 0.0606 | Error: 0.03226 0.03168 0.00058
Epoch:    250 | Train: 0.4033 0.0453 0.0602 | Test: 0.3902 0.0438 0.0583 | Error: 0.02837 0.02708 0.00129
Epoch:    300 | Train: 0.3878 0.0426 0.0595 | Test: 0.3736 0.0411 0.0572 | Error: 0.03339 0.03242 0.00097
Epoch:    350 | Train: 0.3737 0.0405 0.0587 | Test: 0.362 0.0392 0.0572 | Error: 0.03623 0.032 0.00422
Epoch:    400 | Train: 0.3602 0.0386 0.0568 | Test: 0.3477 0.0372 0.0549 | Error: 0.02534 0.02257 0.00277
Epoch:    450 | Train: 0.3549 0.0378 0.0561 | Test: 0.3431 0.0365 0.0545 | Error: 0.02583 0.02377 0.00206
Epoch:    500 | Train: 0.3551 0.0371 0.0567 | Test: 0.3484 0.036 0.057 | Error: 0.03953 0.03459 0.00494
Epoch:    550 | Train: 0.3492 0.0363 0.0561 | Test: 0.3415 0.035 0.0561 | Error: 0.03706 0.03733 -0.00027
Epoch:    600 | Train: 0.3365 0.0348 0.0547 | Test: 0.3286 0.0336 0.0548 | Error: 0.02286 0.02183 0.00104
Epoch:    650 | Train: 0.3298 0.0336 0.0544 | Test: 0.3217 0.0325 0.0546 | Error: 0.01755 0.01241 0.00514
Epoch:    700 | Train: 0.3311 0.0341 0.0538 | Test: 0.3231 0.0328 0.0539 | Error: 0.03083 0.03018 0.00065
Epoch:    750 | Train: 0.3277 0.0336 0.0539 | Test: 0.3197 0.0325 0.054 | Error: 0.02774 0.02615 0.0016
Epoch:    800 | Train: 0.3218 0.0327 0.0529 | Test: 0.3159 0.0316 0.0537 | Error: 0.02674 0.0231 0.00364
Epoch:    850 | Train: 0.3202 0.0325 0.0523 | Test: 0.3118 0.0313 0.052 | Error: 0.01917 0.0176 0.00158
Epoch:    900 | Train: 0.3218 0.0322 0.0536 | Test: 0.3191 0.0314 0.0551 | Error: 0.03276 0.02753 0.00523
Epoch:    950 | Train: 0.3196 0.0321 0.053 | Test: 0.312 0.0311 0.0528 | Error: 0.03287 0.03184 0.00103
Epoch:  1,000 | Train: 0.3142 0.0312 0.0525 | Test: 0.3078 0.0304 0.0526 | Error: 0.02713 0.02233 0.0048

====================================================================================================
PERF FORMAT: DATASET | Acuracy: ACC | Loss: LOSS1 LOSS2 LOSS3 | PS: PS
====================================================================================================
Train | Acuracy:  91.06% | Loss: 0.31418 0.03122 0.05252 | PS: 0.02233 
Val   | Acuracy:  90.50% | Loss: 0.33463 0.03233 0.05669 | PS: 0.02164 
Test  | Acuracy:  91.24% | Loss: 0.30776 0.03037 0.05256 | PS: 0.02713 
----------------------------------------------------------------------------------------------------
Optimization error  : 0.02233
Population error    : 0.02713
Generalization error: 0.0048
