Namespace(batch_size=64, beta_moco=0.1, gamma_moco=0.1, gamma_modo=0.01, lr=0.1, moo_method='MoDo', num_epochs=1000, rho_moco=0.1, rho_modo=0.1, seed=1)

==================================================
Model parameter count per layer
==================================================
fc1.weight 	: 401408
fc1.bias 	: 512
fc2.weight 	: 5120
fc2.bias 	: 10
Total number of parametrs : 407050
--------------------------------------------------

====================================================================================================
LOG FORMAT: Epoch: EPOCH | Train: LOSS1 LOSS2 LOSS3 | Test: LOSS1 LOSS2 LOSS3 | Error: POP OPT GEN
====================================================================================================
Epoch:      0 | Train: 2.3577 0.1807 0.9341 | Test: 2.3601 0.1808 0.936 | Error: 0.03083 0.02994 0.00089
Epoch:     50 | Train: 0.7304 0.0879 0.0872 | Test: 0.709 0.0864 0.0815 | Error: 0.06479 0.0636 0.00119
Epoch:    100 | Train: 0.5501 0.0656 0.073 | Test: 0.5291 0.0639 0.068 | Error: 0.04674 0.04543 0.00131
Epoch:    150 | Train: 0.4798 0.0568 0.0655 | Test: 0.4577 0.0551 0.0598 | Error: 0.04104 0.03829 0.00275
Epoch:    200 | Train: 0.437 0.0501 0.0634 | Test: 0.4178 0.0485 0.0593 | Error: 0.03335 0.02971 0.00363
Epoch:    250 | Train: 0.4168 0.0469 0.0622 | Test: 0.3969 0.0453 0.0576 | Error: 0.04542 0.04205 0.00338
Epoch:    300 | Train: 0.3954 0.0432 0.0611 | Test: 0.378 0.0417 0.0574 | Error: 0.028 0.02686 0.00114
Epoch:    350 | Train: 0.3799 0.0413 0.059 | Test: 0.3632 0.0398 0.0558 | Error: 0.02278 0.01623 0.00655
Epoch:    400 | Train: 0.372 0.0397 0.0587 | Test: 0.3547 0.0384 0.0549 | Error: 0.02877 0.02413 0.00464
Epoch:    450 | Train: 0.3666 0.0388 0.0586 | Test: 0.3485 0.0374 0.0544 | Error: 0.03084 0.02956 0.00127
Epoch:    500 | Train: 0.3556 0.0374 0.057 | Test: 0.3412 0.036 0.0548 | Error: 0.0233 0.02182 0.00148
Epoch:    550 | Train: 0.3589 0.037 0.0584 | Test: 0.3446 0.0357 0.0559 | Error: 0.03237 0.02911 0.00327
Epoch:    600 | Train: 0.3457 0.0359 0.0562 | Test: 0.3335 0.0346 0.0544 | Error: 0.0271 0.02497 0.00213
Epoch:    650 | Train: 0.3393 0.0354 0.0548 | Test: 0.3271 0.0341 0.0536 | Error: 0.02632 0.02231 0.00401
Epoch:    700 | Train: 0.3441 0.0349 0.057 | Test: 0.3281 0.0335 0.0538 | Error: 0.03287 0.03346 -0.0006
Epoch:    750 | Train: 0.3324 0.0337 0.0549 | Test: 0.3178 0.0323 0.0528 | Error: 0.02159 0.01956 0.00203
Epoch:    800 | Train: 0.333 0.0336 0.0552 | Test: 0.3204 0.0322 0.0538 | Error: 0.02387 0.02538 -0.00151
Epoch:    850 | Train: 0.3273 0.0331 0.0538 | Test: 0.314 0.0318 0.0521 | Error: 0.02788 0.024 0.00389
Epoch:    900 | Train: 0.3232 0.0328 0.0532 | Test: 0.313 0.0317 0.0522 | Error: 0.02295 0.02203 0.00093
Epoch:    950 | Train: 0.3265 0.0328 0.0539 | Test: 0.3192 0.032 0.0533 | Error: 0.04033 0.03651 0.00383
Epoch:  1,000 | Train: 0.3216 0.0324 0.0538 | Test: 0.3123 0.0313 0.0527 | Error: 0.02977 0.02976 1e-05

====================================================================================================
PERF FORMAT: DATASET | Acuracy: ACC | Loss: LOSS1 LOSS2 LOSS3 | PS: PS
====================================================================================================
Train | Acuracy:  90.94% | Loss: 0.32162 0.03235 0.05384 | PS: 0.02976 
Val   | Acuracy:  90.64% | Loss: 0.33182 0.03306 0.0561 | PS: 0.031 
Test  | Acuracy:  91.45% | Loss: 0.31232 0.03131 0.05274 | PS: 0.02977 
----------------------------------------------------------------------------------------------------
Optimization error  : 0.02976
Population error    : 0.02977
Generalization error: 1e-05
