Namespace(batch_size=64, beta_moco=0.1, gamma_moco=0.1, gamma_modo=0.01, lr=0.1, moo_method='MoDo', num_epochs=1000, rho_moco=0.1, rho_modo=0.1, seed=6)

==================================================
Model parameter count per layer
==================================================
fc1.weight 	: 401408
fc1.bias 	: 512
fc2.weight 	: 5120
fc2.bias 	: 10
Total number of parametrs : 407050
--------------------------------------------------

====================================================================================================
LOG FORMAT: Epoch: EPOCH | Train: LOSS1 LOSS2 LOSS3 | Test: LOSS1 LOSS2 LOSS3 | Error: POP OPT GEN
====================================================================================================
Epoch:      0 | Train: 2.3525 0.1806 0.931 | Test: 2.355 0.1807 0.9331 | Error: 0.03221 0.03153 0.00068
Epoch:     50 | Train: 0.7291 0.0878 0.0861 | Test: 0.7036 0.0859 0.0794 | Error: 0.05573 0.05395 0.00178
Epoch:    100 | Train: 0.5462 0.0653 0.0711 | Test: 0.5211 0.0633 0.0649 | Error: 0.0423 0.04052 0.00178
Epoch:    150 | Train: 0.4665 0.0545 0.0655 | Test: 0.4455 0.0528 0.0607 | Error: 0.03346 0.03027 0.00319
Epoch:    200 | Train: 0.4277 0.0491 0.0619 | Test: 0.4074 0.0474 0.0576 | Error: 0.03404 0.02756 0.00648
Epoch:    250 | Train: 0.4067 0.0451 0.0619 | Test: 0.3867 0.0433 0.0577 | Error: 0.03223 0.03236 -0.00013
Epoch:    300 | Train: 0.3872 0.0428 0.059 | Test: 0.3675 0.041 0.0548 | Error: 0.03026 0.02952 0.00074
Epoch:    350 | Train: 0.3784 0.0408 0.0593 | Test: 0.3617 0.0394 0.0563 | Error: 0.03506 0.03076 0.00431
Epoch:    400 | Train: 0.3692 0.0395 0.058 | Test: 0.3544 0.0381 0.0554 | Error: 0.03356 0.03384 -0.00028
Epoch:    450 | Train: 0.3586 0.0381 0.0567 | Test: 0.3428 0.0367 0.054 | Error: 0.03008 0.02698 0.0031
Epoch:    500 | Train: 0.3603 0.0378 0.0571 | Test: 0.3438 0.0366 0.0536 | Error: 0.04425 0.03981 0.00445
Epoch:    550 | Train: 0.353 0.0368 0.0566 | Test: 0.3312 0.0352 0.0524 | Error: 0.03036 0.03137 -0.00102
Epoch:    600 | Train: 0.3431 0.0358 0.0553 | Test: 0.3288 0.0345 0.0525 | Error: 0.02463 0.02301 0.00162
Epoch:    650 | Train: 0.3411 0.0352 0.0552 | Test: 0.3273 0.0339 0.0529 | Error: 0.03289 0.03212 0.00076
Epoch:    700 | Train: 0.334 0.0344 0.054 | Test: 0.3171 0.0329 0.0508 | Error: 0.02656 0.02671 -0.00015
Epoch:    750 | Train: 0.3302 0.0338 0.0541 | Test: 0.3154 0.0325 0.0515 | Error: 0.02714 0.02589 0.00125
Epoch:    800 | Train: 0.3284 0.0334 0.0535 | Test: 0.3143 0.0323 0.0514 | Error: 0.02989 0.02646 0.00343
Epoch:    850 | Train: 0.3249 0.0328 0.0531 | Test: 0.3148 0.0318 0.0519 | Error: 0.02555 0.02062 0.00494
Epoch:    900 | Train: 0.3223 0.0325 0.0526 | Test: 0.3115 0.0314 0.0516 | Error: 0.03122 0.02642 0.00479
Epoch:    950 | Train: 0.3233 0.0324 0.0531 | Test: 0.3111 0.0313 0.0511 | Error: 0.02744 0.02611 0.00134
Epoch:  1,000 | Train: 0.3204 0.0321 0.0529 | Test: 0.3129 0.0312 0.0521 | Error: 0.02653 0.02511 0.00142

====================================================================================================
PERF FORMAT: DATASET | Acuracy: ACC | Loss: LOSS1 LOSS2 LOSS3 | PS: PS
====================================================================================================
Train | Acuracy:  90.97% | Loss: 0.32035 0.03208 0.05286 | PS: 0.02511 
Val   | Acuracy:  90.28% | Loss: 0.32922 0.03301 0.05574 | PS: 0.02617 
Test  | Acuracy:  91.26% | Loss: 0.31286 0.03119 0.05211 | PS: 0.02653 
----------------------------------------------------------------------------------------------------
Optimization error  : 0.02511
Population error    : 0.02653
Generalization error: 0.00142
