Namespace(batch_size=64, beta_moco=0.1, gamma_moco=0.1, gamma_modo=0.01, lr=0.1, moo_method='MoDo', num_epochs=1000, rho_moco=0.1, rho_modo=0.1, seed=9)

==================================================
Model parameter count per layer
==================================================
fc1.weight 	: 401408
fc1.bias 	: 512
fc2.weight 	: 5120
fc2.bias 	: 10
Total number of parametrs : 407050
--------------------------------------------------

====================================================================================================
LOG FORMAT: Epoch: EPOCH | Train: LOSS1 LOSS2 LOSS3 | Test: LOSS1 LOSS2 LOSS3 | Error: POP OPT GEN
====================================================================================================
Epoch:      0 | Train: 2.3789 0.181 0.9549 | Test: 2.3839 0.1811 0.9595 | Error: 0.03093 0.03027 0.00066
Epoch:     50 | Train: 0.7502 0.0898 0.088 | Test: 0.7292 0.0884 0.0818 | Error: 0.06321 0.06055 0.00266
Epoch:    100 | Train: 0.5503 0.0667 0.0702 | Test: 0.5299 0.065 0.066 | Error: 0.04636 0.03955 0.00681
Epoch:    150 | Train: 0.4787 0.0561 0.0664 | Test: 0.4547 0.0541 0.0614 | Error: 0.03977 0.03873 0.00104
Epoch:    200 | Train: 0.4397 0.0503 0.0641 | Test: 0.4221 0.0486 0.0608 | Error: 0.03987 0.03794 0.00194
Epoch:    250 | Train: 0.4103 0.0461 0.0617 | Test: 0.3918 0.0444 0.0579 | Error: 0.02829 0.02892 -0.00063
Epoch:    300 | Train: 0.3953 0.0435 0.0603 | Test: 0.3802 0.042 0.0576 | Error: 0.03832 0.03572 0.00259
Epoch:    350 | Train: 0.3792 0.0412 0.0594 | Test: 0.3668 0.0399 0.0572 | Error: 0.0351 0.0309 0.0042
Epoch:    400 | Train: 0.3734 0.0399 0.0591 | Test: 0.3596 0.0386 0.0571 | Error: 0.0433 0.03995 0.00335
Epoch:    450 | Train: 0.3595 0.0383 0.0568 | Test: 0.3459 0.0369 0.0547 | Error: 0.02479 0.02407 0.00073
Epoch:    500 | Train: 0.3586 0.0377 0.0575 | Test: 0.3474 0.0366 0.056 | Error: 0.03953 0.03541 0.00412
Epoch:    550 | Train: 0.3552 0.0369 0.0568 | Test: 0.3415 0.0354 0.055 | Error: 0.0332 0.03343 -0.00022
Epoch:    600 | Train: 0.3453 0.0362 0.0554 | Test: 0.331 0.0348 0.0536 | Error: 0.03055 0.02923 0.00132
Epoch:    650 | Train: 0.3382 0.035 0.0546 | Test: 0.3263 0.0338 0.0531 | Error: 0.02496 0.02168 0.00328
Epoch:    700 | Train: 0.3412 0.0352 0.0548 | Test: 0.3292 0.034 0.0531 | Error: 0.0298 0.03119 -0.00139
Epoch:    750 | Train: 0.3338 0.0348 0.053 | Test: 0.324 0.0338 0.0516 | Error: 0.02612 0.02377 0.00235
Epoch:    800 | Train: 0.3292 0.0341 0.0527 | Test: 0.3186 0.0331 0.0511 | Error: 0.02264 0.0183 0.00434
Epoch:    850 | Train: 0.3312 0.0339 0.0532 | Test: 0.3211 0.0329 0.052 | Error: 0.02734 0.02402 0.00332
Epoch:    900 | Train: 0.3236 0.033 0.0525 | Test: 0.3141 0.032 0.0516 | Error: 0.02375 0.02118 0.00257
Epoch:    950 | Train: 0.3205 0.0327 0.0523 | Test: 0.3108 0.0316 0.0513 | Error: 0.02418 0.02385 0.00034
Epoch:  1,000 | Train: 0.3221 0.033 0.0517 | Test: 0.3117 0.0318 0.0507 | Error: 0.03465 0.03311 0.00155

====================================================================================================
PERF FORMAT: DATASET | Acuracy: ACC | Loss: LOSS1 LOSS2 LOSS3 | PS: PS
====================================================================================================
Train | Acuracy:  90.83% | Loss: 0.32209 0.03297 0.05166 | PS: 0.03311 
Val   | Acuracy:  90.35% | Loss: 0.33342 0.03338 0.05546 | PS: 0.03472 
Test  | Acuracy:  91.17% | Loss: 0.31167 0.03184 0.05066 | PS: 0.03465 
----------------------------------------------------------------------------------------------------
Optimization error  : 0.03311
Population error    : 0.03465
Generalization error: 0.00155
