Namespace(batch_size=64, beta_moco=0.1, gamma_moco=0.1, gamma_modo=0.01, lr=0.1, moo_method='MoDo', num_epochs=1000, rho_moco=0.1, rho_modo=0.1, seed=5)

==================================================
Model parameter count per layer
==================================================
fc1.weight 	: 401408
fc1.bias 	: 512
fc2.weight 	: 5120
fc2.bias 	: 10
Total number of parametrs : 407050
--------------------------------------------------

====================================================================================================
LOG FORMAT: Epoch: EPOCH | Train: LOSS1 LOSS2 LOSS3 | Test: LOSS1 LOSS2 LOSS3 | Error: POP OPT GEN
====================================================================================================
Epoch:      0 | Train: 2.3112 0.1799 0.8888 | Test: 2.3147 0.1799 0.8916 | Error: 0.03278 0.03197 0.00081
Epoch:     50 | Train: 0.745 0.0893 0.0874 | Test: 0.7199 0.0874 0.0818 | Error: 0.05602 0.05537 0.00066
Epoch:    100 | Train: 0.553 0.0667 0.0702 | Test: 0.5326 0.0647 0.0666 | Error: 0.03892 0.03544 0.00348
Epoch:    150 | Train: 0.4756 0.0565 0.0646 | Test: 0.4568 0.0548 0.0609 | Error: 0.03633 0.03111 0.00522
Epoch:    200 | Train: 0.4377 0.0502 0.0636 | Test: 0.4194 0.0486 0.0599 | Error: 0.03857 0.03506 0.00351
Epoch:    250 | Train: 0.4077 0.046 0.0607 | Test: 0.3899 0.0445 0.0569 | Error: 0.02879 0.02645 0.00234
Epoch:    300 | Train: 0.3935 0.0434 0.0598 | Test: 0.3764 0.042 0.056 | Error: 0.03277 0.0315 0.00127
Epoch:    350 | Train: 0.3788 0.0413 0.0583 | Test: 0.3619 0.0397 0.0551 | Error: 0.02985 0.02771 0.00214
Epoch:    400 | Train: 0.3654 0.0394 0.0571 | Test: 0.3473 0.0379 0.0535 | Error: 0.02305 0.02287 0.00018
Epoch:    450 | Train: 0.3578 0.0386 0.0554 | Test: 0.3433 0.0373 0.0527 | Error: 0.02367 0.02473 -0.00106
Epoch:    500 | Train: 0.3541 0.0377 0.0552 | Test: 0.3405 0.0363 0.0532 | Error: 0.02727 0.02874 -0.00147
Epoch:    550 | Train: 0.3459 0.0365 0.055 | Test: 0.3352 0.0355 0.053 | Error: 0.02948 0.02491 0.00457
Epoch:    600 | Train: 0.3385 0.0355 0.0538 | Test: 0.3292 0.0346 0.0524 | Error: 0.0251 0.01983 0.00528
Epoch:    650 | Train: 0.3355 0.0347 0.0544 | Test: 0.3232 0.0335 0.0526 | Error: 0.02484 0.02528 -0.00044
Epoch:    700 | Train: 0.3329 0.0345 0.0537 | Test: 0.3235 0.0335 0.0526 | Error: 0.0295 0.02753 0.00197
Epoch:    750 | Train: 0.3286 0.0334 0.0539 | Test: 0.32 0.0324 0.0531 | Error: 0.02298 0.021 0.00198
Epoch:    800 | Train: 0.3267 0.0332 0.0532 | Test: 0.3182 0.032 0.0531 | Error: 0.02527 0.02521 6e-05
Epoch:    850 | Train: 0.3238 0.0328 0.0535 | Test: 0.3119 0.0315 0.052 | Error: 0.02667 0.02681 -0.00014
Epoch:    900 | Train: 0.3183 0.0319 0.0532 | Test: 0.3095 0.0308 0.0525 | Error: 0.02036 0.01772 0.00264
Epoch:    950 | Train: 0.3158 0.0316 0.0523 | Test: 0.3076 0.0306 0.0518 | Error: 0.0182 0.01682 0.00138
Epoch:  1,000 | Train: 0.3169 0.0315 0.0531 | Test: 0.3099 0.0306 0.0528 | Error: 0.02376 0.02129 0.00247

====================================================================================================
PERF FORMAT: DATASET | Acuracy: ACC | Loss: LOSS1 LOSS2 LOSS3 | PS: PS
====================================================================================================
Train | Acuracy:  90.94% | Loss: 0.3169 0.03145 0.05306 | PS: 0.02129 
Val   | Acuracy:  89.93% | Loss: 0.34755 0.03279 0.06136 | PS: 0.02152 
Test  | Acuracy:  91.10% | Loss: 0.30992 0.0306 0.05283 | PS: 0.02376 
----------------------------------------------------------------------------------------------------
Optimization error  : 0.02129
Population error    : 0.02376
Generalization error: 0.00247
