Namespace(batch_size=64, beta_moco=0.1, gamma_moco=0.1, gamma_modo=0.01, lr=0.1, moo_method='MoDo', num_epochs=1000, rho_moco=0.1, rho_modo=0.1, seed=8)

==================================================
Model parameter count per layer
==================================================
fc1.weight 	: 401408
fc1.bias 	: 512
fc2.weight 	: 5120
fc2.bias 	: 10
Total number of parametrs : 407050
--------------------------------------------------

====================================================================================================
LOG FORMAT: Epoch: EPOCH | Train: LOSS1 LOSS2 LOSS3 | Test: LOSS1 LOSS2 LOSS3 | Error: POP OPT GEN
====================================================================================================
Epoch:      0 | Train: 2.3556 0.1806 0.9304 | Test: 2.3569 0.1807 0.9314 | Error: 0.03079 0.03001 0.00078
Epoch:     50 | Train: 0.7275 0.0875 0.0859 | Test: 0.7055 0.0858 0.0814 | Error: 0.06195 0.06027 0.00168
Epoch:    100 | Train: 0.5346 0.0646 0.0683 | Test: 0.5144 0.0628 0.0644 | Error: 0.04223 0.04123 0.001
Epoch:    150 | Train: 0.4635 0.0543 0.0636 | Test: 0.4432 0.0525 0.0603 | Error: 0.03017 0.02777 0.0024
Epoch:    200 | Train: 0.4261 0.0487 0.0614 | Test: 0.4104 0.0471 0.0592 | Error: 0.03253 0.0315 0.00102
Epoch:    250 | Train: 0.4005 0.045 0.0594 | Test: 0.3855 0.0436 0.0572 | Error: 0.03551 0.03237 0.00313
Epoch:    300 | Train: 0.3893 0.0429 0.0592 | Test: 0.376 0.0417 0.0574 | Error: 0.04457 0.0416 0.00297
Epoch:    350 | Train: 0.3716 0.0405 0.057 | Test: 0.3555 0.0389 0.0552 | Error: 0.02408 0.02656 -0.00249
Epoch:    400 | Train: 0.3661 0.0392 0.0571 | Test: 0.3541 0.0377 0.0563 | Error: 0.03169 0.03192 -0.00023
Epoch:    450 | Train: 0.3524 0.0377 0.0553 | Test: 0.3426 0.0366 0.0548 | Error: 0.02572 0.01931 0.00641
Epoch:    500 | Train: 0.3495 0.037 0.055 | Test: 0.3388 0.0358 0.0541 | Error: 0.02711 0.02188 0.00523
Epoch:    550 | Train: 0.3527 0.0371 0.0555 | Test: 0.3457 0.036 0.0562 | Error: 0.04317 0.04024 0.00293
Epoch:    600 | Train: 0.3415 0.0357 0.0543 | Test: 0.3295 0.0344 0.0531 | Error: 0.02494 0.02648 -0.00154
Epoch:    650 | Train: 0.3344 0.0349 0.0531 | Test: 0.3263 0.0338 0.0532 | Error: 0.02826 0.02487 0.00339
Epoch:    700 | Train: 0.3368 0.0349 0.0542 | Test: 0.3303 0.0339 0.0545 | Error: 0.0383 0.03653 0.00177
Epoch:    750 | Train: 0.3275 0.034 0.0525 | Test: 0.3218 0.033 0.0528 | Error: 0.02705 0.02197 0.00508
Epoch:    800 | Train: 0.3233 0.033 0.0528 | Test: 0.3146 0.0317 0.0527 | Error: 0.02306 0.02352 -0.00046
Epoch:    850 | Train: 0.3207 0.0328 0.0524 | Test: 0.3117 0.0316 0.0517 | Error: 0.02482 0.02343 0.00139
Epoch:    900 | Train: 0.3211 0.0328 0.0521 | Test: 0.3104 0.0315 0.0511 | Error: 0.02932 0.02897 0.00035
Epoch:    950 | Train: 0.3163 0.0321 0.0516 | Test: 0.309 0.0311 0.0514 | Error: 0.02316 0.01933 0.00383
Epoch:  1,000 | Train: 0.3147 0.0316 0.0514 | Test: 0.308 0.0306 0.0515 | Error: 0.02632 0.02216 0.00417

====================================================================================================
PERF FORMAT: DATASET | Acuracy: ACC | Loss: LOSS1 LOSS2 LOSS3 | PS: PS
====================================================================================================
Train | Acuracy:  91.01% | Loss: 0.31471 0.03162 0.05143 | PS: 0.02216 
Val   | Acuracy:  90.57% | Loss: 0.33871 0.03241 0.06016 | PS: 0.02204 
Test  | Acuracy:  91.36% | Loss: 0.30796 0.03063 0.05148 | PS: 0.02632 
----------------------------------------------------------------------------------------------------
Optimization error  : 0.02216
Population error    : 0.02632
Generalization error: 0.00417
