Namespace(batch_size=64, beta_moco=0.1, gamma_moco=0.1, gamma_modo=0.01, lr=0.1, moo_method='MoDo', num_epochs=1000, rho_moco=0.1, rho_modo=0.1, seed=7)

==================================================
Model parameter count per layer
==================================================
fc1.weight 	: 401408
fc1.bias 	: 512
fc2.weight 	: 5120
fc2.bias 	: 10
Total number of parametrs : 407050
--------------------------------------------------

====================================================================================================
LOG FORMAT: Epoch: EPOCH | Train: LOSS1 LOSS2 LOSS3 | Test: LOSS1 LOSS2 LOSS3 | Error: POP OPT GEN
====================================================================================================
Epoch:      0 | Train: 2.3352 0.18 0.9057 | Test: 2.3277 0.1799 0.8983 | Error: 0.03277 0.03159 0.00118
Epoch:     50 | Train: 0.7573 0.0919 0.0848 | Test: 0.7313 0.0899 0.0787 | Error: 0.06276 0.06281 -6e-05
Epoch:    100 | Train: 0.5674 0.0684 0.0729 | Test: 0.5458 0.0666 0.0686 | Error: 0.05716 0.05253 0.00463
Epoch:    150 | Train: 0.4841 0.0574 0.0652 | Test: 0.4628 0.0555 0.0614 | Error: 0.03577 0.03325 0.00251
Epoch:    200 | Train: 0.4445 0.0516 0.0636 | Test: 0.4237 0.0497 0.0592 | Error: 0.03686 0.03531 0.00154
Epoch:    250 | Train: 0.4192 0.0474 0.0618 | Test: 0.3991 0.0456 0.0579 | Error: 0.03946 0.03392 0.00554
Epoch:    300 | Train: 0.3969 0.0441 0.0602 | Test: 0.3735 0.0422 0.0556 | Error: 0.02751 0.02668 0.00083
Epoch:    350 | Train: 0.3873 0.0422 0.0599 | Test: 0.3676 0.0404 0.0564 | Error: 0.03312 0.03101 0.00211
Epoch:    400 | Train: 0.3741 0.0407 0.0576 | Test: 0.3541 0.0389 0.0545 | Error: 0.0282 0.02577 0.00243
Epoch:    450 | Train: 0.3693 0.0392 0.059 | Test: 0.3498 0.0374 0.0563 | Error: 0.02866 0.02745 0.00122
Epoch:    500 | Train: 0.355 0.0381 0.0557 | Test: 0.3381 0.0364 0.0534 | Error: 0.02255 0.01968 0.00287
Epoch:    550 | Train: 0.3482 0.037 0.0548 | Test: 0.3315 0.0354 0.0525 | Error: 0.0227 0.01582 0.00687
Epoch:    600 | Train: 0.3483 0.0371 0.0548 | Test: 0.3325 0.0357 0.0522 | Error: 0.03439 0.03411 0.00028
Epoch:    650 | Train: 0.3408 0.0358 0.0541 | Test: 0.3276 0.0343 0.0527 | Error: 0.02772 0.0266 0.00112
Epoch:    700 | Train: 0.3387 0.0355 0.0539 | Test: 0.3238 0.0341 0.0522 | Error: 0.03346 0.03268 0.00078
Epoch:    750 | Train: 0.3359 0.0346 0.0546 | Test: 0.3222 0.0333 0.0532 | Error: 0.03299 0.03033 0.00265
Epoch:    800 | Train: 0.3316 0.0341 0.0533 | Test: 0.3158 0.0325 0.0512 | Error: 0.02478 0.02728 -0.0025
Epoch:    850 | Train: 0.3297 0.0338 0.0533 | Test: 0.3196 0.0327 0.0525 | Error: 0.02987 0.02477 0.0051
Epoch:    900 | Train: 0.3256 0.0332 0.0529 | Test: 0.3162 0.0321 0.0524 | Error: 0.03134 0.0268 0.00453
Epoch:    950 | Train: 0.3253 0.033 0.0531 | Test: 0.3129 0.0317 0.0517 | Error: 0.02758 0.02598 0.0016
Epoch:  1,000 | Train: 0.321 0.0327 0.0515 | Test: 0.3122 0.0315 0.0517 | Error: 0.02831 0.02521 0.0031

====================================================================================================
PERF FORMAT: DATASET | Acuracy: ACC | Loss: LOSS1 LOSS2 LOSS3 | PS: PS
====================================================================================================
Train | Acuracy:  90.88% | Loss: 0.32096 0.03268 0.05145 | PS: 0.02521 
Val   | Acuracy:  90.78% | Loss: 0.3269 0.03282 0.05363 | PS: 0.02932 
Test  | Acuracy:  91.07% | Loss: 0.31224 0.03151 0.05167 | PS: 0.02831 
----------------------------------------------------------------------------------------------------
Optimization error  : 0.02521
Population error    : 0.02831
Generalization error: 0.0031
