Namespace(batch_size=64, beta_moco=0.1, gamma_moco=0.1, gamma_modo=0.1, lr=0.1, moo_method='EW', num_epochs=1000, rho_moco=0.0, rho_modo=0.0, seed=5)

==================================================
Model parameter count per layer
==================================================
fc1.weight 	: 401408
fc1.bias 	: 512
fc2.weight 	: 5120
fc2.bias 	: 10
Total number of parametrs : 407050
--------------------------------------------------

====================================================================================================
LOG FORMAT: Epoch: EPOCH | Train: LOSS1 LOSS2 LOSS3 | Test: LOSS1 LOSS2 LOSS3 | Error: POP OPT GEN
====================================================================================================
Epoch:      0 | Train: 2.3112 0.0903 0.0131 | Test: 2.3147 0.0904 0.0131 | Error: 0.00355 0.00343 0.00012
Epoch:     50 | Train: 0.7828 0.0344 0.0066 | Test: 0.7574 0.0332 0.0064 | Error: 0.00551 0.00536 0.00015
Epoch:    100 | Train: 0.5514 0.0242 0.0046 | Test: 0.5268 0.023 0.0045 | Error: 0.0034 0.00323 0.00017
Epoch:    150 | Train: 0.4755 0.0209 0.0039 | Test: 0.4554 0.0199 0.0038 | Error: 0.00358 0.00333 0.00025
Epoch:    200 | Train: 0.4271 0.0186 0.0034 | Test: 0.4104 0.0179 0.0033 | Error: 0.00283 0.00241 0.00042
Epoch:    250 | Train: 0.4042 0.0176 0.0032 | Test: 0.3905 0.0169 0.0031 | Error: 0.00276 0.00231 0.00045
Epoch:    300 | Train: 0.3857 0.0168 0.003 | Test: 0.3728 0.0161 0.0029 | Error: 0.00192 0.00154 0.00037
Epoch:    350 | Train: 0.3746 0.0164 0.0029 | Test: 0.3598 0.0156 0.0027 | Error: 0.00239 0.00223 0.00016
Epoch:    400 | Train: 0.3678 0.016 0.0028 | Test: 0.354 0.0154 0.0027 | Error: 0.00289 0.00267 0.00022
Epoch:    450 | Train: 0.3583 0.0156 0.0027 | Test: 0.3459 0.015 0.0026 | Error: 0.00258 0.0023 0.00028
Epoch:    500 | Train: 0.3481 0.0152 0.0026 | Test: 0.3381 0.0146 0.0025 | Error: 0.00185 0.00173 0.00012
Epoch:    550 | Train: 0.3491 0.0152 0.0026 | Test: 0.3363 0.0146 0.0025 | Error: 0.00274 0.00278 -4e-05
Epoch:    600 | Train: 0.3374 0.0146 0.0025 | Test: 0.3279 0.0141 0.0024 | Error: 0.00234 0.00209 0.00025
Epoch:    650 | Train: 0.3327 0.0144 0.0025 | Test: 0.3216 0.0139 0.0024 | Error: 0.00234 0.00193 0.00041
Epoch:    700 | Train: 0.3288 0.0142 0.0024 | Test: 0.3159 0.0136 0.0023 | Error: 0.0017 0.00157 0.00013
Epoch:    750 | Train: 0.3265 0.0141 0.0024 | Test: 0.3144 0.0135 0.0023 | Error: 0.00171 0.00178 -7e-05
Epoch:    800 | Train: 0.3197 0.0138 0.0023 | Test: 0.3097 0.0134 0.0022 | Error: 0.00137 0.00103 0.00034
Epoch:    850 | Train: 0.3246 0.0142 0.0024 | Test: 0.3155 0.0138 0.0023 | Error: 0.00255 0.00245 0.0001
Epoch:    900 | Train: 0.3206 0.0139 0.0023 | Test: 0.3158 0.0136 0.0023 | Error: 0.00229 0.00193 0.00036
Epoch:    950 | Train: 0.3176 0.0137 0.0023 | Test: 0.309 0.0131 0.0022 | Error: 0.00207 0.00186 0.00022
Epoch:  1,000 | Train: 0.3117 0.0135 0.0023 | Test: 0.3037 0.013 0.0022 | Error: 0.00135 0.00121 0.00014

====================================================================================================
PERF FORMAT: DATASET | Acuracy: ACC | Loss: LOSS1 LOSS2 LOSS3 | PS: PS
====================================================================================================
Train | Acuracy:  91.24% | Loss: 0.31166 0.01348 0.00226 | PS: 0.00121 
Val   | Acuracy:  90.30% | Loss: 0.34041 0.01474 0.00239 | PS: 0.00142 
Test  | Acuracy:  91.49% | Loss: 0.30366 0.01302 0.00218 | PS: 0.00135 
----------------------------------------------------------------------------------------------------
Optimization error  : 0.00121
Population error    : 0.00135
Generalization error: 0.00014
