Namespace(batch_size=64, beta_moco=0.1, gamma_moco=0.1, gamma_modo=0.1, lr=0.1, moo_method='EW', num_epochs=1000, rho_moco=0.0, rho_modo=0.0, seed=2)

==================================================
Model parameter count per layer
==================================================
fc1.weight 	: 401408
fc1.bias 	: 512
fc2.weight 	: 5120
fc2.bias 	: 10
Total number of parametrs : 407050
--------------------------------------------------

====================================================================================================
LOG FORMAT: Epoch: EPOCH | Train: LOSS1 LOSS2 LOSS3 | Test: LOSS1 LOSS2 LOSS3 | Error: POP OPT GEN
====================================================================================================
Epoch:      0 | Train: 2.2838 0.0897 0.013 | Test: 2.2852 0.0897 0.013 | Error: 0.00373 0.00365 8e-05
Epoch:     50 | Train: 0.7766 0.0341 0.0065 | Test: 0.7529 0.033 0.0064 | Error: 0.00526 0.0053 -4e-05
Epoch:    100 | Train: 0.5562 0.0244 0.0047 | Test: 0.5342 0.0233 0.0045 | Error: 0.00383 0.00371 0.00012
Epoch:    150 | Train: 0.475 0.0208 0.0039 | Test: 0.4543 0.0198 0.0037 | Error: 0.00338 0.00302 0.00035
Epoch:    200 | Train: 0.4428 0.0195 0.0035 | Test: 0.421 0.0185 0.0034 | Error: 0.0045 0.00429 0.00021
Epoch:    250 | Train: 0.4073 0.0179 0.0032 | Test: 0.3849 0.0168 0.003 | Error: 0.00291 0.00258 0.00033
Epoch:    300 | Train: 0.3883 0.0171 0.003 | Test: 0.3682 0.016 0.0029 | Error: 0.00255 0.00227 0.00029
Epoch:    350 | Train: 0.3736 0.0164 0.0029 | Test: 0.3535 0.0154 0.0027 | Error: 0.00224 0.0022 4e-05
Epoch:    400 | Train: 0.3641 0.0159 0.0027 | Test: 0.3473 0.015 0.0026 | Error: 0.00237 0.00224 0.00012
Epoch:    450 | Train: 0.3562 0.0154 0.0027 | Test: 0.341 0.0146 0.0026 | Error: 0.00229 0.00211 0.00017
Epoch:    500 | Train: 0.3491 0.0152 0.0026 | Test: 0.3314 0.0143 0.0025 | Error: 0.00231 0.0025 -0.00019
Epoch:    550 | Train: 0.343 0.0148 0.0025 | Test: 0.33 0.0142 0.0024 | Error: 0.00233 0.00205 0.00028
Epoch:    600 | Train: 0.3404 0.0148 0.0025 | Test: 0.3268 0.0141 0.0024 | Error: 0.00272 0.00281 -9e-05
Epoch:    650 | Train: 0.3354 0.0145 0.0025 | Test: 0.3269 0.0141 0.0024 | Error: 0.00271 0.00233 0.00038
Epoch:    700 | Train: 0.3293 0.0142 0.0024 | Test: 0.3187 0.0136 0.0023 | Error: 0.0018 0.00174 6e-05
Epoch:    750 | Train: 0.3316 0.0145 0.0024 | Test: 0.3228 0.0139 0.0023 | Error: 0.00358 0.00318 0.00039
Epoch:    800 | Train: 0.3294 0.0144 0.0024 | Test: 0.3184 0.0138 0.0023 | Error: 0.00278 0.00262 0.00016
Epoch:    850 | Train: 0.3247 0.0141 0.0023 | Test: 0.3176 0.0137 0.0023 | Error: 0.0028 0.00235 0.00045
Epoch:    900 | Train: 0.3176 0.0137 0.0023 | Test: 0.3096 0.0134 0.0022 | Error: 0.00224 0.00199 0.00025
Epoch:    950 | Train: 0.3168 0.0137 0.0023 | Test: 0.3114 0.0135 0.0022 | Error: 0.00232 0.00193 0.00039
Epoch:  1,000 | Train: 0.3181 0.0136 0.0023 | Test: 0.3129 0.0133 0.0022 | Error: 0.00206 0.00203 3e-05

====================================================================================================
PERF FORMAT: DATASET | Acuracy: ACC | Loss: LOSS1 LOSS2 LOSS3 | PS: PS
====================================================================================================
Train | Acuracy:  91.20% | Loss: 0.31815 0.01362 0.00229 | PS: 0.00203 
Val   | Acuracy:  90.74% | Loss: 0.33227 0.01412 0.00233 | PS: 0.00213 
Test  | Acuracy:  91.32% | Loss: 0.31293 0.01334 0.00221 | PS: 0.00206 
----------------------------------------------------------------------------------------------------
Optimization error  : 0.00203
Population error    : 0.00206
Generalization error: 3e-05
