Namespace(batch_size=64, beta_moco=0.1, gamma_moco=0.1, gamma_modo=0.1, lr=0.1, moo_method='EW', num_epochs=1000, rho_moco=0.0, rho_modo=0.0, seed=4)

==================================================
Model parameter count per layer
==================================================
fc1.weight 	: 401408
fc1.bias 	: 512
fc2.weight 	: 5120
fc2.bias 	: 10
Total number of parametrs : 407050
--------------------------------------------------

====================================================================================================
LOG FORMAT: Epoch: EPOCH | Train: LOSS1 LOSS2 LOSS3 | Test: LOSS1 LOSS2 LOSS3 | Error: POP OPT GEN
====================================================================================================
Epoch:      0 | Train: 2.3068 0.09 0.013 | Test: 2.3125 0.0901 0.013 | Error: 0.00343 0.00337 6e-05
Epoch:     50 | Train: 0.785 0.0346 0.0065 | Test: 0.7661 0.0337 0.0064 | Error: 0.00527 0.00516 0.00011
Epoch:    100 | Train: 0.5583 0.0242 0.0046 | Test: 0.5377 0.0233 0.0045 | Error: 0.00395 0.00379 0.00016
Epoch:    150 | Train: 0.4691 0.0204 0.0038 | Test: 0.451 0.0195 0.0037 | Error: 0.00321 0.00296 0.00025
Epoch:    200 | Train: 0.4368 0.019 0.0035 | Test: 0.4176 0.0181 0.0034 | Error: 0.00415 0.00386 0.00029
Epoch:    250 | Train: 0.4094 0.018 0.0032 | Test: 0.3915 0.0171 0.0031 | Error: 0.00357 0.00339 0.00018
Epoch:    300 | Train: 0.3914 0.0171 0.0031 | Test: 0.375 0.0164 0.0029 | Error: 0.00338 0.00315 0.00023
Epoch:    350 | Train: 0.3718 0.0162 0.0028 | Test: 0.3537 0.0154 0.0027 | Error: 0.00169 0.00167 2e-05
Epoch:    400 | Train: 0.3709 0.0162 0.0028 | Test: 0.3541 0.0154 0.0027 | Error: 0.00282 0.00285 -4e-05
Epoch:    450 | Train: 0.3549 0.0154 0.0027 | Test: 0.34 0.0147 0.0026 | Error: 0.00223 0.00207 0.00016
Epoch:    500 | Train: 0.351 0.0152 0.0026 | Test: 0.3346 0.0145 0.0025 | Error: 0.0025 0.00248 1e-05
Epoch:    550 | Train: 0.345 0.015 0.0026 | Test: 0.3359 0.0145 0.0025 | Error: 0.00292 0.00234 0.00058
Epoch:    600 | Train: 0.3406 0.0148 0.0025 | Test: 0.3293 0.0143 0.0024 | Error: 0.00299 0.00274 0.00024
Epoch:    650 | Train: 0.3348 0.0145 0.0025 | Test: 0.3232 0.0138 0.0024 | Error: 0.00217 0.00205 0.00012
Epoch:    700 | Train: 0.3288 0.0142 0.0024 | Test: 0.3189 0.0137 0.0023 | Error: 0.00217 0.00164 0.00054
Epoch:    750 | Train: 0.3261 0.0141 0.0024 | Test: 0.3167 0.0135 0.0023 | Error: 0.00181 0.00194 -0.00013
Epoch:    800 | Train: 0.3267 0.0141 0.0024 | Test: 0.3168 0.0137 0.0023 | Error: 0.00227 0.00208 0.00019
Epoch:    850 | Train: 0.3229 0.0139 0.0023 | Test: 0.3167 0.0134 0.0022 | Error: 0.00238 0.0021 0.00028
Epoch:    900 | Train: 0.322 0.0139 0.0023 | Test: 0.3175 0.0137 0.0023 | Error: 0.00252 0.00227 0.00026
Epoch:    950 | Train: 0.3245 0.0141 0.0023 | Test: 0.3215 0.0138 0.0023 | Error: 0.00363 0.0034 0.00023
Epoch:  1,000 | Train: 0.3148 0.0135 0.0023 | Test: 0.3097 0.0132 0.0022 | Error: 0.00196 0.00203 -6e-05

====================================================================================================
PERF FORMAT: DATASET | Acuracy: ACC | Loss: LOSS1 LOSS2 LOSS3 | PS: PS
====================================================================================================
Train | Acuracy:  91.18% | Loss: 0.31478 0.01354 0.00225 | PS: 0.00203 
Val   | Acuracy:  90.55% | Loss: 0.3319 0.01433 0.00234 | PS: 0.00187 
Test  | Acuracy:  91.45% | Loss: 0.3097 0.01317 0.00218 | PS: 0.00196 
----------------------------------------------------------------------------------------------------
Optimization error  : 0.00203
Population error    : 0.00196
Generalization error: -6e-05
