Namespace(batch_size=64, beta_moco=0.1, gamma_moco=0.1, gamma_modo=0.1, lr=0.1, moo_method='EW', num_epochs=1000, rho_moco=0.0, rho_modo=0.0, seed=6)

==================================================
Model parameter count per layer
==================================================
fc1.weight 	: 401408
fc1.bias 	: 512
fc2.weight 	: 5120
fc2.bias 	: 10
Total number of parametrs : 407050
--------------------------------------------------

====================================================================================================
LOG FORMAT: Epoch: EPOCH | Train: LOSS1 LOSS2 LOSS3 | Test: LOSS1 LOSS2 LOSS3 | Error: POP OPT GEN
====================================================================================================
Epoch:      0 | Train: 2.3525 0.091 0.0131 | Test: 2.355 0.0911 0.0131 | Error: 0.00334 0.00326 8e-05
Epoch:     50 | Train: 0.7893 0.0347 0.0066 | Test: 0.7631 0.0336 0.0064 | Error: 0.00591 0.00584 7e-05
Epoch:    100 | Train: 0.5646 0.0248 0.0047 | Test: 0.5397 0.0237 0.0046 | Error: 0.00406 0.00384 0.00022
Epoch:    150 | Train: 0.482 0.0211 0.0039 | Test: 0.4582 0.0199 0.0038 | Error: 0.00305 0.00303 2e-05
Epoch:    200 | Train: 0.434 0.019 0.0035 | Test: 0.412 0.0179 0.0033 | Error: 0.00228 0.00223 5e-05
Epoch:    250 | Train: 0.4134 0.0181 0.0033 | Test: 0.3919 0.0171 0.0031 | Error: 0.00341 0.0031 0.0003
Epoch:    300 | Train: 0.39 0.017 0.003 | Test: 0.372 0.0162 0.0029 | Error: 0.00183 0.00149 0.00034
Epoch:    350 | Train: 0.3799 0.0165 0.0029 | Test: 0.361 0.0156 0.0028 | Error: 0.00203 0.00209 -6e-05
Epoch:    400 | Train: 0.3701 0.0161 0.0028 | Test: 0.3534 0.0154 0.0027 | Error: 0.00235 0.00226 9e-05
Epoch:    450 | Train: 0.3599 0.0156 0.0027 | Test: 0.3435 0.0149 0.0026 | Error: 0.00216 0.00202 0.00014
Epoch:    500 | Train: 0.3541 0.0155 0.0026 | Test: 0.3389 0.0147 0.0025 | Error: 0.00213 0.00204 9e-05
Epoch:    550 | Train: 0.3464 0.0152 0.0026 | Test: 0.3308 0.0145 0.0025 | Error: 0.00205 0.0019 0.00015
Epoch:    600 | Train: 0.3397 0.0148 0.0025 | Test: 0.3277 0.0142 0.0024 | Error: 0.00191 0.00168 0.00023
Epoch:    650 | Train: 0.3335 0.0145 0.0025 | Test: 0.3192 0.0138 0.0024 | Error: 0.00154 0.0014 0.00014
Epoch:    700 | Train: 0.3351 0.0146 0.0025 | Test: 0.3241 0.014 0.0024 | Error: 0.00184 0.00196 -0.00012
Epoch:    750 | Train: 0.3277 0.0142 0.0024 | Test: 0.3166 0.0136 0.0023 | Error: 0.0015 0.00144 6e-05
Epoch:    800 | Train: 0.3234 0.014 0.0024 | Test: 0.3156 0.0136 0.0023 | Error: 0.00209 0.00155 0.00054
Epoch:    850 | Train: 0.3216 0.014 0.0023 | Test: 0.3098 0.0134 0.0023 | Error: 0.00182 0.00189 -8e-05
Epoch:    900 | Train: 0.3263 0.0142 0.0024 | Test: 0.314 0.0136 0.0023 | Error: 0.00256 0.00255 1e-05
Epoch:    950 | Train: 0.3176 0.0137 0.0023 | Test: 0.3063 0.0132 0.0022 | Error: 0.0017 0.00176 -6e-05
Epoch:  1,000 | Train: 0.3144 0.0136 0.0023 | Test: 0.3036 0.0131 0.0022 | Error: 0.00188 0.00154 0.00034

====================================================================================================
PERF FORMAT: DATASET | Acuracy: ACC | Loss: LOSS1 LOSS2 LOSS3 | PS: PS
====================================================================================================
Train | Acuracy:  91.24% | Loss: 0.31441 0.01358 0.00227 | PS: 0.00154 
Val   | Acuracy:  90.57% | Loss: 0.32244 0.01407 0.00235 | PS: 0.00162 
Test  | Acuracy:  91.56% | Loss: 0.30356 0.0131 0.00219 | PS: 0.00188 
----------------------------------------------------------------------------------------------------
Optimization error  : 0.00154
Population error    : 0.00188
Generalization error: 0.00034
