Namespace(batch_size=64, beta_moco=0.1, gamma_moco=0.1, gamma_modo=0.1, lr=5.0, moo_method='MGDA', num_epochs=1000, rho_moco=0.0, rho_modo=0.0, seed=9)

==================================================
Model parameter count per layer
==================================================
fc1.weight 	: 401408
fc1.bias 	: 512
fc2.weight 	: 5120
fc2.bias 	: 10
Total number of parametrs : 407050
--------------------------------------------------

====================================================================================================
LOG FORMAT: Epoch: EPOCH | Train: LOSS1 LOSS2 LOSS3 | Test: LOSS1 LOSS2 LOSS3 | Error: POP OPT GEN
====================================================================================================
Epoch:      0 | Train: 2.3789 0.0915 0.0132 | Test: 2.3839 0.0916 0.0132 | Error: 0.00322 0.00312 0.0001
Epoch:     50 | Train: 1.3227 0.0558 0.0091 | Test: 1.3076 0.0554 0.0091 | Error: 0.00493 0.00471 0.00022
Epoch:    100 | Train: 0.7719 0.034 0.0058 | Test: 0.7446 0.0329 0.0057 | Error: 0.00422 0.0037 0.00053
Epoch:    150 | Train: 0.5523 0.024 0.0043 | Test: 0.5245 0.0228 0.0041 | Error: 0.00304 0.00265 0.00039
Epoch:    200 | Train: 0.4751 0.0203 0.0035 | Test: 0.4476 0.0191 0.0034 | Error: 0.00193 0.00162 0.00031
Epoch:    250 | Train: 0.4457 0.0189 0.0032 | Test: 0.4172 0.0177 0.003 | Error: 0.00226 0.00234 -8e-05
Epoch:    300 | Train: 0.4248 0.018 0.0029 | Test: 0.3988 0.0168 0.0028 | Error: 0.00223 0.00207 0.00015
Epoch:    350 | Train: 0.416 0.0171 0.0027 | Test: 0.3894 0.016 0.0026 | Error: 0.00185 0.00182 3e-05
Epoch:    400 | Train: 0.4039 0.0165 0.0026 | Test: 0.3787 0.0154 0.0025 | Error: 0.00182 0.00144 0.00038
Epoch:    450 | Train: 0.3985 0.0162 0.0025 | Test: 0.3715 0.0151 0.0023 | Error: 0.00138 0.00125 0.00014
Epoch:    500 | Train: 0.4006 0.0161 0.0024 | Test: 0.3763 0.0151 0.0023 | Error: 0.00224 0.00202 0.00022
Epoch:    550 | Train: 0.3949 0.0155 0.0023 | Test: 0.3692 0.0145 0.0022 | Error: 0.00126 0.00105 0.00021
Epoch:    600 | Train: 0.3911 0.0153 0.0023 | Test: 0.3673 0.0144 0.0022 | Error: 0.00162 0.00139 0.00023
Epoch:    650 | Train: 0.394 0.0153 0.0022 | Test: 0.3714 0.0144 0.0021 | Error: 0.00175 0.0017 5e-05
Epoch:    700 | Train: 0.3977 0.0152 0.0022 | Test: 0.3689 0.0142 0.0021 | Error: 0.00176 0.00189 -0.00014
Epoch:    750 | Train: 0.3959 0.0151 0.0022 | Test: 0.3742 0.0143 0.0021 | Error: 0.00239 0.00228 0.00011
Epoch:    800 | Train: 0.3832 0.0145 0.0021 | Test: 0.3621 0.0138 0.002 | Error: 0.00157 0.0012 0.00037
Epoch:    850 | Train: 0.3835 0.0145 0.0021 | Test: 0.3592 0.0137 0.002 | Error: 0.00162 0.00137 0.00024
Epoch:    900 | Train: 0.3819 0.0143 0.002 | Test: 0.3582 0.0136 0.0019 | Error: 0.00135 0.00116 0.00018
Epoch:    950 | Train: 0.3793 0.0141 0.002 | Test: 0.3547 0.0134 0.0019 | Error: 0.00105 0.00076 0.0003
Epoch:  1,000 | Train: 0.3851 0.0142 0.002 | Test: 0.3593 0.0134 0.0019 | Error: 0.00113 0.00123 -0.0001

====================================================================================================
PERF FORMAT: DATASET | Acuracy: ACC | Loss: LOSS1 LOSS2 LOSS3 | PS: PS
====================================================================================================
Train | Acuracy:  90.59% | Loss: 0.38508 0.01418 0.00198 | PS: 0.00123 
Val   | Acuracy:  90.50% | Loss: 0.39319 0.01441 0.00201 | PS: 0.00139 
Test  | Acuracy:  91.02% | Loss: 0.35926 0.01339 0.00188 | PS: 0.00113 
----------------------------------------------------------------------------------------------------
Optimization error  : 0.00123
Population error    : 0.00113
Generalization error: -0.0001
