Namespace(batch_size=64, beta_moco=0.1, gamma_moco=0.1, gamma_modo=0.1, lr=5.0, moo_method='MGDA', num_epochs=1000, rho_moco=0.0, rho_modo=0.0, seed=6)

==================================================
Model parameter count per layer
==================================================
fc1.weight 	: 401408
fc1.bias 	: 512
fc2.weight 	: 5120
fc2.bias 	: 10
Total number of parametrs : 407050
--------------------------------------------------

====================================================================================================
LOG FORMAT: Epoch: EPOCH | Train: LOSS1 LOSS2 LOSS3 | Test: LOSS1 LOSS2 LOSS3 | Error: POP OPT GEN
====================================================================================================
Epoch:      0 | Train: 2.3525 0.091 0.0131 | Test: 2.355 0.0911 0.0131 | Error: 0.00334 0.00326 8e-05
Epoch:     50 | Train: 1.2445 0.0525 0.0087 | Test: 1.2282 0.052 0.0086 | Error: 0.00477 0.00462 0.00015
Epoch:    100 | Train: 0.7918 0.0341 0.0058 | Test: 0.765 0.033 0.0056 | Error: 0.00311 0.00295 0.00015
Epoch:    150 | Train: 0.5745 0.0253 0.0044 | Test: 0.5467 0.024 0.0043 | Error: 0.00325 0.00302 0.00023
Epoch:    200 | Train: 0.4818 0.0207 0.0036 | Test: 0.4532 0.0195 0.0034 | Error: 0.00224 0.00206 0.00018
Epoch:    250 | Train: 0.4451 0.0188 0.0032 | Test: 0.417 0.0177 0.003 | Error: 0.00259 0.00225 0.00034
Epoch:    300 | Train: 0.4289 0.018 0.0029 | Test: 0.4033 0.017 0.0028 | Error: 0.0018 0.00162 0.00018
Epoch:    350 | Train: 0.4118 0.0171 0.0027 | Test: 0.3865 0.0161 0.0026 | Error: 0.00167 0.00159 8e-05
Epoch:    400 | Train: 0.4055 0.0167 0.0026 | Test: 0.3817 0.0158 0.0025 | Error: 0.00206 0.00197 9e-05
Epoch:    450 | Train: 0.3954 0.0161 0.0025 | Test: 0.3726 0.0152 0.0023 | Error: 0.0014 0.00103 0.00037
Epoch:    500 | Train: 0.3963 0.0159 0.0024 | Test: 0.3717 0.0149 0.0023 | Error: 0.0021 0.00197 0.00013
Epoch:    550 | Train: 0.3917 0.0157 0.0023 | Test: 0.3669 0.015 0.0022 | Error: 0.00186 0.00176 0.0001
Epoch:    600 | Train: 0.3892 0.0153 0.0023 | Test: 0.3662 0.0146 0.0022 | Error: 0.00146 0.00123 0.00023
Epoch:    650 | Train: 0.3901 0.0152 0.0022 | Test: 0.365 0.0143 0.0021 | Error: 0.00151 0.0015 1e-05
Epoch:    700 | Train: 0.3901 0.0152 0.0022 | Test: 0.3673 0.0144 0.0021 | Error: 0.00191 0.00191 -0.0
Epoch:    750 | Train: 0.3913 0.0149 0.0021 | Test: 0.3672 0.0141 0.002 | Error: 0.00144 0.00145 -1e-05
Epoch:    800 | Train: 0.3855 0.0146 0.0021 | Test: 0.3668 0.0141 0.002 | Error: 0.00145 0.00105 0.0004
Epoch:    850 | Train: 0.3843 0.0145 0.0021 | Test: 0.3617 0.0138 0.002 | Error: 0.00103 0.00097 6e-05
Epoch:    900 | Train: 0.3899 0.0145 0.0021 | Test: 0.3683 0.014 0.002 | Error: 0.00216 0.00184 0.00032
Epoch:    950 | Train: 0.3924 0.0144 0.002 | Test: 0.3692 0.0137 0.0019 | Error: 0.00171 0.00168 4e-05
Epoch:  1,000 | Train: 0.3852 0.0142 0.002 | Test: 0.3621 0.0136 0.0019 | Error: 0.00155 0.00114 0.00041

====================================================================================================
PERF FORMAT: DATASET | Acuracy: ACC | Loss: LOSS1 LOSS2 LOSS3 | PS: PS
====================================================================================================
Train | Acuracy:  90.84% | Loss: 0.38523 0.01416 0.00197 | PS: 0.00114 
Val   | Acuracy:  90.47% | Loss: 0.38385 0.01447 0.00204 | PS: 0.00122 
Test  | Acuracy:  90.98% | Loss: 0.36206 0.01357 0.0019 | PS: 0.00155 
----------------------------------------------------------------------------------------------------
Optimization error  : 0.00114
Population error    : 0.00155
Generalization error: 0.00041
