Namespace(batch_size=64, beta_moco=0.1, gamma_moco=0.1, gamma_modo=0.1, lr=5.0, moo_method='MGDA', num_epochs=1000, rho_moco=0.0, rho_modo=0.0, seed=0)

==================================================
Model parameter count per layer
==================================================
fc1.weight 	: 401408
fc1.bias 	: 512
fc2.weight 	: 5120
fc2.bias 	: 10
Total number of parametrs : 407050
--------------------------------------------------

====================================================================================================
LOG FORMAT: Epoch: EPOCH | Train: LOSS1 LOSS2 LOSS3 | Test: LOSS1 LOSS2 LOSS3 | Error: POP OPT GEN
====================================================================================================
Epoch:      0 | Train: 2.3229 0.0905 0.0131 | Test: 2.3241 0.0905 0.0131 | Error: 0.00334 0.00324 0.0001
Epoch:     50 | Train: 1.2993 0.0539 0.0087 | Test: 1.2874 0.0534 0.0086 | Error: 0.00464 0.00449 0.00015
Epoch:    100 | Train: 0.7882 0.0348 0.0059 | Test: 0.7709 0.0343 0.0058 | Error: 0.0039 0.00346 0.00044
Epoch:    150 | Train: 0.556 0.0243 0.0044 | Test: 0.5304 0.0232 0.0042 | Error: 0.0031 0.00284 0.00027
Epoch:    200 | Train: 0.4743 0.0205 0.0036 | Test: 0.4515 0.0195 0.0034 | Error: 0.00272 0.00261 0.00011
Epoch:    250 | Train: 0.4391 0.0188 0.0032 | Test: 0.4189 0.0179 0.0031 | Error: 0.0025 0.00198 0.00052
Epoch:    300 | Train: 0.4245 0.0181 0.0029 | Test: 0.4016 0.0171 0.0028 | Error: 0.00251 0.0024 0.00011
Epoch:    350 | Train: 0.4068 0.0169 0.0027 | Test: 0.3859 0.0161 0.0026 | Error: 0.00189 0.00139 0.0005
Epoch:    400 | Train: 0.4003 0.0165 0.0026 | Test: 0.3795 0.0156 0.0025 | Error: 0.00204 0.00176 0.00028
Epoch:    450 | Train: 0.3928 0.016 0.0025 | Test: 0.3728 0.0152 0.0024 | Error: 0.00131 0.00112 0.00019
Epoch:    500 | Train: 0.3921 0.016 0.0024 | Test: 0.3701 0.015 0.0023 | Error: 0.00181 0.00192 -0.00011
Epoch:    550 | Train: 0.3859 0.0155 0.0023 | Test: 0.3652 0.0146 0.0022 | Error: 0.00144 0.00137 6e-05
Epoch:    600 | Train: 0.3869 0.0153 0.0023 | Test: 0.3705 0.0147 0.0022 | Error: 0.00183 0.00146 0.00036
Epoch:    650 | Train: 0.38 0.0148 0.0022 | Test: 0.3604 0.0141 0.0021 | Error: 0.00101 0.00071 0.0003
Epoch:    700 | Train: 0.3846 0.015 0.0022 | Test: 0.3644 0.0142 0.0021 | Error: 0.00168 0.00179 -0.00011
Epoch:    750 | Train: 0.387 0.0148 0.0022 | Test: 0.3697 0.0142 0.0021 | Error: 0.00226 0.00183 0.00043
Epoch:    800 | Train: 0.3822 0.0145 0.0021 | Test: 0.3629 0.0139 0.002 | Error: 0.00156 0.00118 0.00038
Epoch:    850 | Train: 0.3844 0.0146 0.0021 | Test: 0.3672 0.0139 0.002 | Error: 0.0021 0.00178 0.00032
Epoch:    900 | Train: 0.3826 0.0144 0.002 | Test: 0.3612 0.0136 0.0019 | Error: 0.00142 0.00109 0.00033
Epoch:    950 | Train: 0.3881 0.0143 0.002 | Test: 0.3672 0.0135 0.0019 | Error: 0.00126 0.00145 -0.00018
Epoch:  1,000 | Train: 0.3798 0.0141 0.002 | Test: 0.3609 0.0134 0.0019 | Error: 0.00132 0.0013 2e-05

====================================================================================================
PERF FORMAT: DATASET | Acuracy: ACC | Loss: LOSS1 LOSS2 LOSS3 | PS: PS
====================================================================================================
Train | Acuracy:  90.65% | Loss: 0.37976 0.01412 0.00199 | PS: 0.0013 
Val   | Acuracy:  90.34% | Loss: 0.39339 0.01465 0.00205 | PS: 0.00133 
Test  | Acuracy:  91.06% | Loss: 0.36087 0.01339 0.00189 | PS: 0.00132 
----------------------------------------------------------------------------------------------------
Optimization error  : 0.0013
Population error    : 0.00132
Generalization error: 2e-05
