Namespace(batch_size=64, beta_moco=0.1, gamma_moco=0.1, gamma_modo=1.0, lr=1.0, moo_method='MoDo', num_epochs=1000, rho_moco=0.0, rho_modo=0.0, seed=9)

==================================================
Model parameter count per layer
==================================================
fc1.weight 	: 401408
fc1.bias 	: 512
fc2.weight 	: 5120
fc2.bias 	: 10
Total number of parametrs : 407050
--------------------------------------------------

====================================================================================================
LOG FORMAT: Epoch: EPOCH | Train: LOSS1 LOSS2 LOSS3 | Test: LOSS1 LOSS2 LOSS3 | Error: POP OPT GEN
====================================================================================================
Epoch:      0 | Train: 2.3789 0.0915 0.0132 | Test: 2.3839 0.0916 0.0132 | Error: 0.00322 0.00312 0.0001
Epoch:     50 | Train: 1.1774 0.0505 0.0085 | Test: 1.1614 0.05 0.0085 | Error: 0.00507 0.00485 0.00022
Epoch:    100 | Train: 0.7052 0.0305 0.0058 | Test: 0.6821 0.0295 0.0057 | Error: 0.0053 0.00504 0.00026
Epoch:    150 | Train: 0.549 0.0236 0.0045 | Test: 0.5223 0.0224 0.0043 | Error: 0.0039 0.00364 0.00026
Epoch:    200 | Train: 0.4882 0.0208 0.0039 | Test: 0.4668 0.0198 0.0037 | Error: 0.00332 0.003 0.00032
Epoch:    250 | Train: 0.4467 0.019 0.0035 | Test: 0.4257 0.0181 0.0033 | Error: 0.00273 0.00271 2e-05
Epoch:    300 | Train: 0.4206 0.0179 0.0032 | Test: 0.4028 0.0172 0.0031 | Error: 0.00295 0.00275 0.0002
Epoch:    350 | Train: 0.4071 0.0171 0.003 | Test: 0.3934 0.0166 0.0029 | Error: 0.00312 0.00267 0.00045
Epoch:    400 | Train: 0.3924 0.0165 0.0029 | Test: 0.377 0.0158 0.0028 | Error: 0.00308 0.00267 0.00042
Epoch:    450 | Train: 0.3783 0.0158 0.0028 | Test: 0.3619 0.0151 0.0027 | Error: 0.00197 0.00168 0.0003
Epoch:    500 | Train: 0.3799 0.0158 0.0027 | Test: 0.3651 0.0153 0.0027 | Error: 0.00372 0.00324 0.00047
Epoch:    550 | Train: 0.369 0.0155 0.0026 | Test: 0.3524 0.0148 0.0025 | Error: 0.00246 0.00237 9e-05
Epoch:    600 | Train: 0.3608 0.015 0.0026 | Test: 0.3435 0.0143 0.0025 | Error: 0.00219 0.00202 0.00016
Epoch:    650 | Train: 0.3566 0.0148 0.0025 | Test: 0.3405 0.014 0.0024 | Error: 0.00224 0.00204 0.0002
Epoch:    700 | Train: 0.3571 0.0149 0.0025 | Test: 0.3405 0.0142 0.0024 | Error: 0.00254 0.00268 -0.00014
Epoch:    750 | Train: 0.3513 0.0145 0.0024 | Test: 0.3377 0.0139 0.0023 | Error: 0.00245 0.00218 0.00027
Epoch:    800 | Train: 0.3429 0.0143 0.0024 | Test: 0.329 0.0137 0.0023 | Error: 0.0022 0.00196 0.00024
Epoch:    850 | Train: 0.3574 0.0151 0.0025 | Test: 0.3477 0.0147 0.0024 | Error: 0.00456 0.004 0.00056
Epoch:    900 | Train: 0.3397 0.0143 0.0023 | Test: 0.3267 0.0136 0.0023 | Error: 0.00296 0.00294 2e-05
Epoch:    950 | Train: 0.3346 0.0139 0.0023 | Test: 0.3217 0.0132 0.0022 | Error: 0.00211 0.00215 -4e-05
Epoch:  1,000 | Train: 0.3275 0.0136 0.0022 | Test: 0.3148 0.0131 0.0022 | Error: 0.00178 0.00156 0.00022

====================================================================================================
PERF FORMAT: DATASET | Acuracy: ACC | Loss: LOSS1 LOSS2 LOSS3 | PS: PS
====================================================================================================
Train | Acuracy:  91.11% | Loss: 0.32753 0.01364 0.00224 | PS: 0.00156 
Val   | Acuracy:  90.89% | Loss: 0.33704 0.01403 0.00228 | PS: 0.00173 
Test  | Acuracy:  91.50% | Loss: 0.31476 0.01307 0.00216 | PS: 0.00178 
----------------------------------------------------------------------------------------------------
Optimization error  : 0.00156
Population error    : 0.00178
Generalization error: 0.00022
