Namespace(batch_size=64, beta_moco=0.1, gamma_moco=0.1, gamma_modo=1.0, lr=1.0, moo_method='MoDo', num_epochs=1000, rho_moco=0.0, rho_modo=0.0, seed=8)

==================================================
Model parameter count per layer
==================================================
fc1.weight 	: 401408
fc1.bias 	: 512
fc2.weight 	: 5120
fc2.bias 	: 10
Total number of parametrs : 407050
--------------------------------------------------

====================================================================================================
LOG FORMAT: Epoch: EPOCH | Train: LOSS1 LOSS2 LOSS3 | Test: LOSS1 LOSS2 LOSS3 | Error: POP OPT GEN
====================================================================================================
Epoch:      0 | Train: 2.3556 0.0911 0.0132 | Test: 2.3569 0.0911 0.0132 | Error: 0.00332 0.00325 7e-05
Epoch:     50 | Train: 1.1762 0.0503 0.0086 | Test: 1.1556 0.0495 0.0085 | Error: 0.00529 0.00521 8e-05
Epoch:    100 | Train: 0.7041 0.0304 0.0058 | Test: 0.6812 0.0294 0.0057 | Error: 0.00443 0.00427 0.00016
Epoch:    150 | Train: 0.5546 0.0237 0.0045 | Test: 0.5323 0.0227 0.0044 | Error: 0.00338 0.00303 0.00035
Epoch:    200 | Train: 0.4884 0.0209 0.0039 | Test: 0.469 0.02 0.0038 | Error: 0.00317 0.00302 0.00014
Epoch:    250 | Train: 0.4419 0.0188 0.0035 | Test: 0.422 0.0178 0.0033 | Error: 0.00284 0.00267 0.00017
Epoch:    300 | Train: 0.4237 0.0182 0.0033 | Test: 0.4066 0.0175 0.0032 | Error: 0.00518 0.00494 0.00024
Epoch:    350 | Train: 0.3946 0.0167 0.003 | Test: 0.3753 0.0158 0.0028 | Error: 0.00208 0.00212 -4e-05
Epoch:    400 | Train: 0.382 0.0162 0.0028 | Test: 0.3656 0.0154 0.0027 | Error: 0.00193 0.00182 0.00011
Epoch:    450 | Train: 0.3732 0.0157 0.0027 | Test: 0.3595 0.015 0.0027 | Error: 0.00205 0.00165 0.0004
Epoch:    500 | Train: 0.369 0.0155 0.0027 | Test: 0.3515 0.0148 0.0026 | Error: 0.00187 0.0017 0.00017
Epoch:    550 | Train: 0.3619 0.0153 0.0026 | Test: 0.3493 0.0147 0.0025 | Error: 0.0031 0.0027 0.0004
Epoch:    600 | Train: 0.3509 0.0147 0.0025 | Test: 0.3365 0.014 0.0024 | Error: 0.00152 0.00144 7e-05
Epoch:    650 | Train: 0.3485 0.0146 0.0025 | Test: 0.3369 0.0141 0.0024 | Error: 0.0021 0.00191 0.00019
Epoch:    700 | Train: 0.3532 0.0149 0.0025 | Test: 0.3444 0.0145 0.0024 | Error: 0.00356 0.00328 0.00028
Epoch:    750 | Train: 0.3426 0.0143 0.0024 | Test: 0.3345 0.014 0.0023 | Error: 0.00218 0.00194 0.00024
Epoch:    800 | Train: 0.3378 0.0142 0.0024 | Test: 0.3267 0.0137 0.0023 | Error: 0.00238 0.00236 2e-05
Epoch:    850 | Train: 0.3343 0.0139 0.0023 | Test: 0.3232 0.0133 0.0022 | Error: 0.00168 0.00174 -6e-05
Epoch:    900 | Train: 0.3314 0.0138 0.0023 | Test: 0.32 0.0132 0.0022 | Error: 0.00212 0.002 0.00012
Epoch:    950 | Train: 0.3283 0.0136 0.0022 | Test: 0.3173 0.0131 0.0022 | Error: 0.00227 0.00195 0.00032
Epoch:  1,000 | Train: 0.3272 0.0135 0.0022 | Test: 0.316 0.0129 0.0021 | Error: 0.00198 0.00175 0.00024

====================================================================================================
PERF FORMAT: DATASET | Acuracy: ACC | Loss: LOSS1 LOSS2 LOSS3 | PS: PS
====================================================================================================
Train | Acuracy:  91.21% | Loss: 0.32723 0.01352 0.00221 | PS: 0.00175 
Val   | Acuracy:  90.54% | Loss: 0.34862 0.01424 0.00229 | PS: 0.00174 
Test  | Acuracy:  91.74% | Loss: 0.31604 0.01293 0.00212 | PS: 0.00198 
----------------------------------------------------------------------------------------------------
Optimization error  : 0.00175
Population error    : 0.00198
Generalization error: 0.00024
