Namespace(batch_size=64, beta_moco=0.1, gamma_moco=0.1, gamma_modo=1.0, lr=1.0, moo_method='MoDo', num_epochs=1000, rho_moco=0.0, rho_modo=0.0, seed=6)

==================================================
Model parameter count per layer
==================================================
fc1.weight 	: 401408
fc1.bias 	: 512
fc2.weight 	: 5120
fc2.bias 	: 10
Total number of parametrs : 407050
--------------------------------------------------

====================================================================================================
LOG FORMAT: Epoch: EPOCH | Train: LOSS1 LOSS2 LOSS3 | Test: LOSS1 LOSS2 LOSS3 | Error: POP OPT GEN
====================================================================================================
Epoch:      0 | Train: 2.3525 0.091 0.0131 | Test: 2.355 0.0911 0.0131 | Error: 0.00334 0.00326 8e-05
Epoch:     50 | Train: 1.0558 0.0441 0.0077 | Test: 1.0319 0.0432 0.0076 | Error: 0.00491 0.00479 0.00012
Epoch:    100 | Train: 0.6912 0.0298 0.0056 | Test: 0.6645 0.0287 0.0055 | Error: 0.00422 0.00408 0.00013
Epoch:    150 | Train: 0.5273 0.0224 0.0042 | Test: 0.5033 0.0214 0.0041 | Error: 0.00308 0.00277 0.00031
Epoch:    200 | Train: 0.4701 0.0199 0.0037 | Test: 0.4465 0.0189 0.0036 | Error: 0.00286 0.00255 0.00031
Epoch:    250 | Train: 0.4288 0.0183 0.0033 | Test: 0.4062 0.0173 0.0031 | Error: 0.00233 0.00239 -6e-05
Epoch:    300 | Train: 0.4064 0.0173 0.0031 | Test: 0.3855 0.0164 0.0029 | Error: 0.00255 0.00245 0.00011
Epoch:    350 | Train: 0.3942 0.0167 0.0029 | Test: 0.3734 0.0159 0.0028 | Error: 0.00284 0.00248 0.00036
Epoch:    400 | Train: 0.3842 0.0161 0.0028 | Test: 0.3652 0.0153 0.0027 | Error: 0.00216 0.00224 -7e-05
Epoch:    450 | Train: 0.3732 0.0156 0.0027 | Test: 0.3541 0.0148 0.0026 | Error: 0.00223 0.002 0.00023
Epoch:    500 | Train: 0.3724 0.0156 0.0027 | Test: 0.3523 0.0149 0.0026 | Error: 0.00378 0.00326 0.00051
Epoch:    550 | Train: 0.3759 0.0158 0.0027 | Test: 0.3517 0.0148 0.0026 | Error: 0.00422 0.00407 0.00015
Epoch:    600 | Train: 0.354 0.0148 0.0025 | Test: 0.3368 0.0141 0.0024 | Error: 0.00181 0.00153 0.00028
Epoch:    650 | Train: 0.3596 0.0153 0.0025 | Test: 0.3423 0.0146 0.0024 | Error: 0.00387 0.00374 0.00013
Epoch:    700 | Train: 0.3456 0.0143 0.0024 | Test: 0.3238 0.0135 0.0023 | Error: 0.00171 0.00187 -0.00016
Epoch:    750 | Train: 0.3424 0.0141 0.0024 | Test: 0.3239 0.0135 0.0023 | Error: 0.00203 0.00195 8e-05
Epoch:    800 | Train: 0.3382 0.014 0.0023 | Test: 0.3211 0.0134 0.0022 | Error: 0.00209 0.00195 0.00014
Epoch:    850 | Train: 0.3398 0.0142 0.0023 | Test: 0.3279 0.0139 0.0023 | Error: 0.00236 0.00209 0.00026
Epoch:    900 | Train: 0.3353 0.0138 0.0023 | Test: 0.3213 0.0134 0.0022 | Error: 0.00281 0.00255 0.00026
Epoch:    950 | Train: 0.3293 0.0137 0.0022 | Test: 0.3156 0.0131 0.0022 | Error: 0.00212 0.00201 0.00011
Epoch:  1,000 | Train: 0.3276 0.0135 0.0022 | Test: 0.3169 0.0131 0.0021 | Error: 0.00172 0.0016 0.00011

====================================================================================================
PERF FORMAT: DATASET | Acuracy: ACC | Loss: LOSS1 LOSS2 LOSS3 | PS: PS
====================================================================================================
Train | Acuracy:  91.25% | Loss: 0.32759 0.0135 0.00221 | PS: 0.0016 
Val   | Acuracy:  90.36% | Loss: 0.33533 0.01406 0.00229 | PS: 0.00173 
Test  | Acuracy:  91.26% | Loss: 0.31687 0.0131 0.00214 | PS: 0.00172 
----------------------------------------------------------------------------------------------------
Optimization error  : 0.0016
Population error    : 0.00172
Generalization error: 0.00011
