Namespace(batch_size=64, beta_moco=0.1, gamma_moco=0.1, gamma_modo=1.0, lr=1.0, moo_method='MoDo', num_epochs=1000, rho_moco=0.0, rho_modo=0.0, seed=0)

==================================================
Model parameter count per layer
==================================================
fc1.weight 	: 401408
fc1.bias 	: 512
fc2.weight 	: 5120
fc2.bias 	: 10
Total number of parametrs : 407050
--------------------------------------------------

====================================================================================================
LOG FORMAT: Epoch: EPOCH | Train: LOSS1 LOSS2 LOSS3 | Test: LOSS1 LOSS2 LOSS3 | Error: POP OPT GEN
====================================================================================================
Epoch:      0 | Train: 2.3229 0.0905 0.0131 | Test: 2.3241 0.0905 0.0131 | Error: 0.00334 0.00324 0.0001
Epoch:     50 | Train: 1.1896 0.0509 0.0086 | Test: 1.1741 0.0503 0.0085 | Error: 0.00535 0.00518 0.00017
Epoch:    100 | Train: 0.7005 0.0303 0.0058 | Test: 0.6767 0.0292 0.0057 | Error: 0.00519 0.005 0.00019
Epoch:    150 | Train: 0.555 0.0237 0.0045 | Test: 0.5316 0.0227 0.0044 | Error: 0.0038 0.00347 0.00033
Epoch:    200 | Train: 0.4804 0.0207 0.0038 | Test: 0.456 0.0196 0.0037 | Error: 0.00342 0.00349 -7e-05
Epoch:    250 | Train: 0.4406 0.0187 0.0034 | Test: 0.42 0.0178 0.0033 | Error: 0.00298 0.00247 0.00052
Epoch:    300 | Train: 0.4214 0.0178 0.0032 | Test: 0.404 0.0171 0.0031 | Error: 0.00328 0.0027 0.00058
Epoch:    350 | Train: 0.4001 0.0169 0.003 | Test: 0.3815 0.016 0.0029 | Error: 0.00198 0.00176 0.00022
Epoch:    400 | Train: 0.3867 0.0163 0.0029 | Test: 0.3683 0.0154 0.0028 | Error: 0.00189 0.00173 0.00016
Epoch:    450 | Train: 0.3818 0.0162 0.0028 | Test: 0.3663 0.0154 0.0027 | Error: 0.00309 0.00249 0.00061
Epoch:    500 | Train: 0.3689 0.0155 0.0027 | Test: 0.3526 0.0148 0.0026 | Error: 0.00249 0.00219 0.00029
Epoch:    550 | Train: 0.3601 0.0151 0.0026 | Test: 0.3447 0.0144 0.0025 | Error: 0.00209 0.00173 0.00036
Epoch:    600 | Train: 0.3605 0.0152 0.0026 | Test: 0.3461 0.0145 0.0025 | Error: 0.00352 0.00307 0.00045
Epoch:    650 | Train: 0.355 0.0148 0.0025 | Test: 0.3412 0.0142 0.0024 | Error: 0.00209 0.0019 0.00019
Epoch:    700 | Train: 0.3523 0.0147 0.0025 | Test: 0.336 0.0141 0.0024 | Error: 0.003 0.00268 0.00032
Epoch:    750 | Train: 0.3471 0.0144 0.0024 | Test: 0.3325 0.0137 0.0023 | Error: 0.00213 0.00218 -5e-05
Epoch:    800 | Train: 0.3442 0.0142 0.0024 | Test: 0.3316 0.0137 0.0023 | Error: 0.00253 0.00233 0.0002
Epoch:    850 | Train: 0.344 0.0143 0.0024 | Test: 0.3332 0.0139 0.0023 | Error: 0.00382 0.00329 0.00053
Epoch:    900 | Train: 0.3348 0.0139 0.0023 | Test: 0.3218 0.0134 0.0022 | Error: 0.00181 0.00157 0.00024
Epoch:    950 | Train: 0.3329 0.0137 0.0022 | Test: 0.3193 0.0132 0.0021 | Error: 0.00167 0.00147 0.0002
Epoch:  1,000 | Train: 0.3321 0.0138 0.0023 | Test: 0.3215 0.0132 0.0022 | Error: 0.00223 0.00229 -6e-05

====================================================================================================
PERF FORMAT: DATASET | Acuracy: ACC | Loss: LOSS1 LOSS2 LOSS3 | PS: PS
====================================================================================================
Train | Acuracy:  91.01% | Loss: 0.33206 0.0138 0.00225 | PS: 0.00229 
Val   | Acuracy:  90.41% | Loss: 0.34502 0.01454 0.00233 | PS: 0.00247 
Test  | Acuracy:  91.29% | Loss: 0.32148 0.01321 0.00215 | PS: 0.00223 
----------------------------------------------------------------------------------------------------
Optimization error  : 0.00229
Population error    : 0.00223
Generalization error: -6e-05
