Namespace(batch_size=64, beta_moco=0.1, gamma_moco=0.1, gamma_modo=1.0, lr=1.0, moo_method='MoDo', num_epochs=1000, rho_moco=0.0, rho_modo=0.0, seed=3)

==================================================
Model parameter count per layer
==================================================
fc1.weight 	: 401408
fc1.bias 	: 512
fc2.weight 	: 5120
fc2.bias 	: 10
Total number of parametrs : 407050
--------------------------------------------------

====================================================================================================
LOG FORMAT: Epoch: EPOCH | Train: LOSS1 LOSS2 LOSS3 | Test: LOSS1 LOSS2 LOSS3 | Error: POP OPT GEN
====================================================================================================
Epoch:      0 | Train: 2.3215 0.0903 0.0131 | Test: 2.3254 0.0904 0.0131 | Error: 0.00378 0.00369 9e-05
Epoch:     50 | Train: 1.1272 0.0492 0.0085 | Test: 1.1081 0.0485 0.0084 | Error: 0.00567 0.00538 0.00029
Epoch:    100 | Train: 0.6771 0.0292 0.0056 | Test: 0.6542 0.0282 0.0055 | Error: 0.00483 0.00454 0.00029
Epoch:    150 | Train: 0.5445 0.0232 0.0044 | Test: 0.5208 0.0222 0.0043 | Error: 0.00336 0.00303 0.00033
Epoch:    200 | Train: 0.4776 0.0203 0.0038 | Test: 0.4579 0.0195 0.0037 | Error: 0.00396 0.00355 0.00041
Epoch:    250 | Train: 0.4417 0.0188 0.0035 | Test: 0.4213 0.0179 0.0033 | Error: 0.0034 0.00294 0.00046
Epoch:    300 | Train: 0.4161 0.0177 0.0032 | Test: 0.3964 0.0168 0.0031 | Error: 0.0031 0.00272 0.00038
Epoch:    350 | Train: 0.404 0.017 0.0031 | Test: 0.3871 0.0163 0.0029 | Error: 0.00328 0.00303 0.00025
Epoch:    400 | Train: 0.3869 0.0163 0.0029 | Test: 0.3713 0.0156 0.0028 | Error: 0.00263 0.00203 0.0006
Epoch:    450 | Train: 0.3797 0.0161 0.0028 | Test: 0.3598 0.0152 0.0026 | Error: 0.00248 0.00237 0.00011
Epoch:    500 | Train: 0.366 0.0153 0.0027 | Test: 0.3457 0.0145 0.0025 | Error: 0.00222 0.002 0.00022
Epoch:    550 | Train: 0.3593 0.0149 0.0026 | Test: 0.3429 0.0142 0.0025 | Error: 0.0017 0.00132 0.00038
Epoch:    600 | Train: 0.3561 0.0148 0.0025 | Test: 0.3406 0.0142 0.0024 | Error: 0.00234 0.00202 0.00032
Epoch:    650 | Train: 0.3506 0.0145 0.0025 | Test: 0.3393 0.0139 0.0024 | Error: 0.00202 0.00162 0.00039
Epoch:    700 | Train: 0.3471 0.0144 0.0024 | Test: 0.3341 0.0138 0.0023 | Error: 0.00193 0.00164 0.0003
Epoch:    750 | Train: 0.346 0.0143 0.0024 | Test: 0.3301 0.0136 0.0023 | Error: 0.00175 0.00173 3e-05
Epoch:    800 | Train: 0.3408 0.014 0.0023 | Test: 0.327 0.0133 0.0022 | Error: 0.00166 0.00138 0.00028
Epoch:    850 | Train: 0.3361 0.0138 0.0023 | Test: 0.3259 0.0133 0.0022 | Error: 0.0019 0.00147 0.00044
Epoch:    900 | Train: 0.3329 0.0136 0.0023 | Test: 0.3242 0.0132 0.0022 | Error: 0.00169 0.00139 0.00029
Epoch:    950 | Train: 0.3356 0.0136 0.0023 | Test: 0.3285 0.0133 0.0022 | Error: 0.00227 0.0019 0.00037
Epoch:  1,000 | Train: 0.3309 0.0136 0.0023 | Test: 0.3231 0.0133 0.0022 | Error: 0.00289 0.00254 0.00035

====================================================================================================
PERF FORMAT: DATASET | Acuracy: ACC | Loss: LOSS1 LOSS2 LOSS3 | PS: PS
====================================================================================================
Train | Acuracy:  91.14% | Loss: 0.33087 0.01362 0.00225 | PS: 0.00254 
Val   | Acuracy:  90.20% | Loss: 0.34757 0.01455 0.00237 | PS: 0.00261 
Test  | Acuracy:  91.22% | Loss: 0.32314 0.01328 0.0022 | PS: 0.00289 
----------------------------------------------------------------------------------------------------
Optimization error  : 0.00254
Population error    : 0.00289
Generalization error: 0.00035
