Namespace(batch_size=64, beta_moco=0.1, gamma_moco=0.1, gamma_modo=0.1, lr=1.0, moo_method='MGDA', num_epochs=1000, rho_moco=0.0, rho_modo=0.0, seed=0)

==================================================
Model parameter count per layer
==================================================
fc1.weight 	: 401408
fc1.bias 	: 512
fc2.weight 	: 5120
fc2.bias 	: 10
Total number of parametrs : 407050
--------------------------------------------------

====================================================================================================
LOG FORMAT: Epoch: EPOCH | Train: LOSS1 LOSS2 LOSS3 | Test: LOSS1 LOSS2 LOSS3 | Error: POP OPT GEN
====================================================================================================
Epoch:      0 | Train: 2.3229 0.0905 0.0131 | Test: 2.3241 0.0905 0.0131 | Error: 0.00334 0.00324 0.0001
Epoch:     50 | Train: 2.0848 0.0841 0.0124 | Test: 2.0823 0.0841 0.0124 | Error: 0.00414 0.00409 6e-05
Epoch:    100 | Train: 1.8596 0.0769 0.0116 | Test: 1.854 0.0768 0.0116 | Error: 0.00417 0.00406 0.00011
Epoch:    150 | Train: 1.6337 0.0686 0.0107 | Test: 1.6244 0.0683 0.0106 | Error: 0.00466 0.00453 0.00013
Epoch:    200 | Train: 1.4241 0.0598 0.0096 | Test: 1.413 0.0594 0.0096 | Error: 0.00475 0.00461 0.00013
Epoch:    250 | Train: 1.2538 0.0525 0.0086 | Test: 1.2412 0.052 0.0085 | Error: 0.0045 0.00438 0.00012
Epoch:    300 | Train: 1.1221 0.0471 0.0078 | Test: 1.1086 0.0466 0.0077 | Error: 0.00403 0.00394 9e-05
Epoch:    350 | Train: 0.9984 0.0422 0.0071 | Test: 0.9817 0.0416 0.007 | Error: 0.00362 0.00352 0.00011
Epoch:    400 | Train: 0.914 0.0393 0.0066 | Test: 0.8966 0.0387 0.0065 | Error: 0.00321 0.00306 0.00015
Epoch:    450 | Train: 0.8371 0.0366 0.0061 | Test: 0.818 0.0359 0.0061 | Error: 0.00332 0.00298 0.00033
Epoch:    500 | Train: 0.7629 0.0336 0.0058 | Test: 0.7404 0.0327 0.0057 | Error: 0.00306 0.0028 0.00027
Epoch:    550 | Train: 0.6979 0.0308 0.0054 | Test: 0.6735 0.0297 0.0053 | Error: 0.0031 0.00289 0.00021
Epoch:    600 | Train: 0.6421 0.0282 0.0051 | Test: 0.6179 0.0271 0.0049 | Error: 0.00291 0.00267 0.00025
Epoch:    650 | Train: 0.6058 0.0267 0.0048 | Test: 0.5806 0.0255 0.0046 | Error: 0.00278 0.00253 0.00025
Epoch:    700 | Train: 0.5709 0.0249 0.0045 | Test: 0.5455 0.0237 0.0044 | Error: 0.00254 0.00242 0.00012
Epoch:    750 | Train: 0.542 0.0236 0.0043 | Test: 0.5175 0.0224 0.0041 | Error: 0.00236 0.00215 0.00021
Epoch:    800 | Train: 0.5223 0.0227 0.0041 | Test: 0.4982 0.0216 0.0039 | Error: 0.00229 0.00203 0.00025
Epoch:    850 | Train: 0.5057 0.022 0.0039 | Test: 0.4821 0.0209 0.0038 | Error: 0.00276 0.00236 0.00039
Epoch:    900 | Train: 0.4878 0.021 0.0037 | Test: 0.4628 0.0199 0.0036 | Error: 0.00194 0.00174 0.0002
Epoch:    950 | Train: 0.4753 0.0205 0.0036 | Test: 0.4509 0.0193 0.0035 | Error: 0.00183 0.00162 0.0002
Epoch:  1,000 | Train: 0.4659 0.0201 0.0035 | Test: 0.4424 0.019 0.0034 | Error: 0.00195 0.00165 0.00031

====================================================================================================
PERF FORMAT: DATASET | Acuracy: ACC | Loss: LOSS1 LOSS2 LOSS3 | PS: PS
====================================================================================================
Train | Acuracy:  86.76% | Loss: 0.46594 0.02007 0.00351 | PS: 0.00165 
Val   | Acuracy:  86.97% | Loss: 0.47278 0.0203 0.00356 | PS: 0.00175 
Test  | Acuracy:  87.63% | Loss: 0.44239 0.01897 0.00336 | PS: 0.00195 
----------------------------------------------------------------------------------------------------
Optimization error  : 0.00165
Population error    : 0.00195
Generalization error: 0.00031
