Namespace(batch_size=64, beta_moco=0.1, gamma_moco=0.1, gamma_modo=0.1, lr=1.0, moo_method='MGDA', num_epochs=1000, rho_moco=0.0, rho_modo=0.0, seed=1)

==================================================
Model parameter count per layer
==================================================
fc1.weight 	: 401408
fc1.bias 	: 512
fc2.weight 	: 5120
fc2.bias 	: 10
Total number of parametrs : 407050
--------------------------------------------------

====================================================================================================
LOG FORMAT: Epoch: EPOCH | Train: LOSS1 LOSS2 LOSS3 | Test: LOSS1 LOSS2 LOSS3 | Error: POP OPT GEN
====================================================================================================
Epoch:      0 | Train: 2.3577 0.0911 0.0131 | Test: 2.3601 0.0912 0.0132 | Error: 0.00341 0.00327 0.00014
Epoch:     50 | Train: 2.113 0.0856 0.0126 | Test: 2.1101 0.0855 0.0126 | Error: 0.00379 0.0037 8e-05
Epoch:    100 | Train: 1.8662 0.0775 0.0117 | Test: 1.8605 0.0774 0.0117 | Error: 0.00445 0.00435 9e-05
Epoch:    150 | Train: 1.6327 0.0687 0.0107 | Test: 1.6231 0.0683 0.0107 | Error: 0.00489 0.00474 0.00016
Epoch:    200 | Train: 1.4301 0.0597 0.0096 | Test: 1.4191 0.0592 0.0095 | Error: 0.00486 0.00472 0.00014
Epoch:    250 | Train: 1.2536 0.0525 0.0086 | Test: 1.2397 0.0519 0.0085 | Error: 0.00437 0.00426 0.00011
Epoch:    300 | Train: 1.1243 0.0471 0.0077 | Test: 1.1084 0.0465 0.0077 | Error: 0.00393 0.0038 0.00013
Epoch:    350 | Train: 1.0082 0.0428 0.0071 | Test: 0.991 0.0422 0.007 | Error: 0.00364 0.00348 0.00016
Epoch:    400 | Train: 0.9122 0.039 0.0066 | Test: 0.8927 0.0383 0.0065 | Error: 0.00343 0.00321 0.00023
Epoch:    450 | Train: 0.8368 0.0361 0.0061 | Test: 0.8146 0.0353 0.006 | Error: 0.00338 0.00316 0.00022
Epoch:    500 | Train: 0.7696 0.0333 0.0057 | Test: 0.7471 0.0323 0.0056 | Error: 0.00306 0.00283 0.00023
Epoch:    550 | Train: 0.712 0.0311 0.0054 | Test: 0.6881 0.03 0.0053 | Error: 0.0029 0.00266 0.00023
Epoch:    600 | Train: 0.6637 0.0291 0.0051 | Test: 0.6383 0.028 0.005 | Error: 0.00267 0.00247 0.0002
Epoch:    650 | Train: 0.618 0.0273 0.0048 | Test: 0.5925 0.026 0.0047 | Error: 0.00256 0.00235 0.00021
Epoch:    700 | Train: 0.5834 0.0257 0.0046 | Test: 0.5573 0.0244 0.0044 | Error: 0.00252 0.00235 0.00017
Epoch:    750 | Train: 0.5505 0.0241 0.0043 | Test: 0.5233 0.0228 0.0042 | Error: 0.00233 0.00221 0.00012
Epoch:    800 | Train: 0.5268 0.023 0.0041 | Test: 0.5003 0.0217 0.004 | Error: 0.00238 0.00227 0.00012
Epoch:    850 | Train: 0.5079 0.0221 0.0039 | Test: 0.4819 0.0209 0.0038 | Error: 0.00205 0.00192 0.00013
Epoch:    900 | Train: 0.4921 0.0212 0.0038 | Test: 0.4666 0.0201 0.0036 | Error: 0.00205 0.0018 0.00025
Epoch:    950 | Train: 0.4806 0.0207 0.0037 | Test: 0.4554 0.0195 0.0035 | Error: 0.00193 0.00174 0.00019
Epoch:  1,000 | Train: 0.4725 0.0204 0.0036 | Test: 0.4468 0.0192 0.0034 | Error: 0.00181 0.0017 0.00011

====================================================================================================
PERF FORMAT: DATASET | Acuracy: ACC | Loss: LOSS1 LOSS2 LOSS3 | PS: PS
====================================================================================================
Train | Acuracy:  86.52% | Loss: 0.47247 0.02039 0.00355 | PS: 0.0017 
Val   | Acuracy:  86.57% | Loss: 0.46957 0.02043 0.00356 | PS: 0.00177 
Test  | Acuracy:  87.36% | Loss: 0.44679 0.01922 0.00339 | PS: 0.00181 
----------------------------------------------------------------------------------------------------
Optimization error  : 0.0017
Population error    : 0.00181
Generalization error: 0.00011
