Namespace(batch_size=64, beta_moco=0.1, gamma_moco=0.1, gamma_modo=1.0, lr=1.0, moo_method='MoDo', num_epochs=1000, rho_moco=0.0, rho_modo=0.0, seed=0)

==================================================
Model parameter count per layer
==================================================
fc1.weight 	: 401408
fc1.bias 	: 512
fc2.weight 	: 5120
fc2.bias 	: 10
Total number of parametrs : 407050
--------------------------------------------------

====================================================================================================
LOG FORMAT: Epoch: EPOCH | Train: LOSS1 LOSS2 LOSS3 | Test: LOSS1 LOSS2 LOSS3 | Error: POP OPT GEN
====================================================================================================
Epoch:      0 | Train: 2.3229 0.1802 0.9055 | Test: 2.3241 0.1802 0.9065 | Error: 0.03119 0.0304 0.00079
Epoch:     50 | Train: 0.8554 0.0732 0.1769 | Test: 0.8438 0.0722 0.1718 | Error: 0.04893 0.04593 0.00301
Epoch:    100 | Train: 0.4576 0.0426 0.0883 | Test: 0.4337 0.041 0.082 | Error: 0.04345 0.03963 0.00381
Epoch:    150 | Train: 0.4208 0.0335 0.0891 | Test: 0.3923 0.0318 0.0813 | Error: 0.01974 0.01891 0.00082
Epoch:    200 | Train: 0.3987 0.0304 0.0825 | Test: 0.3706 0.0286 0.0749 | Error: 0.02145 0.0234 -0.00196
Epoch:    250 | Train: 0.4029 0.0279 0.0858 | Test: 0.3803 0.0267 0.0799 | Error: 0.02439 0.01868 0.00571
Epoch:    300 | Train: 0.4039 0.0266 0.0874 | Test: 0.3849 0.0256 0.0831 | Error: 0.02566 0.02201 0.00366
Epoch:    350 | Train: 0.3903 0.0249 0.0848 | Test: 0.3715 0.0238 0.0811 | Error: 0.01321 0.01145 0.00175
Epoch:    400 | Train: 0.3917 0.024 0.0855 | Test: 0.3732 0.0228 0.0823 | Error: 0.01 0.00899 0.00101
Epoch:    450 | Train: 0.4043 0.0246 0.0874 | Test: 0.3889 0.0237 0.0846 | Error: 0.03256 0.02871 0.00385
Epoch:    500 | Train: 0.3877 0.0237 0.0836 | Test: 0.3716 0.0228 0.0817 | Error: 0.02218 0.02094 0.00124
Epoch:    550 | Train: 0.3827 0.0227 0.0829 | Test: 0.37 0.022 0.0811 | Error: 0.01845 0.01494 0.0035
Epoch:    600 | Train: 0.4066 0.0238 0.0856 | Test: 0.3878 0.0231 0.0823 | Error: 0.03771 0.03389 0.00382
Epoch:    650 | Train: 0.4052 0.0232 0.0885 | Test: 0.3987 0.0225 0.0879 | Error: 0.02237 0.02137 0.001
Epoch:    700 | Train: 0.4092 0.0231 0.0868 | Test: 0.3954 0.0227 0.0836 | Error: 0.03575 0.03222 0.00353
Epoch:    750 | Train: 0.3917 0.0222 0.0853 | Test: 0.3791 0.0212 0.0838 | Error: 0.02335 0.02429 -0.00094
Epoch:    800 | Train: 0.3797 0.0215 0.0827 | Test: 0.3719 0.0211 0.0811 | Error: 0.01948 0.01665 0.00283
Epoch:    850 | Train: 0.3927 0.0229 0.0824 | Test: 0.3864 0.0226 0.0826 | Error: 0.0328 0.02866 0.00413
Epoch:    900 | Train: 0.3689 0.0213 0.0787 | Test: 0.3613 0.0208 0.0768 | Error: 0.01483 0.01072 0.00412
Epoch:    950 | Train: 0.387 0.0212 0.0842 | Test: 0.381 0.0209 0.083 | Error: 0.02237 0.01884 0.00352
Epoch:  1,000 | Train: 0.3755 0.0212 0.0804 | Test: 0.369 0.0205 0.0813 | Error: 0.01687 0.01761 -0.00075

====================================================================================================
PERF FORMAT: DATASET | Acuracy: ACC | Loss: LOSS1 LOSS2 LOSS3 | PS: PS
====================================================================================================
Train | Acuracy:  91.55% | Loss: 0.37546 0.02117 0.08036 | PS: 0.01761 
Val   | Acuracy:  90.91% | Loss: 0.39922 0.02227 0.08446 | PS: 0.01932 
Test  | Acuracy:  91.53% | Loss: 0.36904 0.02048 0.08134 | PS: 0.01687 
----------------------------------------------------------------------------------------------------
Optimization error  : 0.01761
Population error    : 0.01687
Generalization error: -0.00075
