Namespace(batch_size=64, beta_moco=0.1, gamma_moco=0.1, gamma_modo=1.0, lr=1.0, moo_method='MoDo', num_epochs=1000, rho_moco=0.0, rho_modo=0.0, seed=2)

==================================================
Model parameter count per layer
==================================================
fc1.weight 	: 401408
fc1.bias 	: 512
fc2.weight 	: 5120
fc2.bias 	: 10
Total number of parametrs : 407050
--------------------------------------------------

====================================================================================================
LOG FORMAT: Epoch: EPOCH | Train: LOSS1 LOSS2 LOSS3 | Test: LOSS1 LOSS2 LOSS3 | Error: POP OPT GEN
====================================================================================================
Epoch:      0 | Train: 2.2838 0.0897 0.013 | Test: 2.2852 0.0897 0.013 | Error: 0.00373 0.00365 8e-05
Epoch:     50 | Train: 1.1415 0.0486 0.0084 | Test: 1.1244 0.0479 0.0083 | Error: 0.00526 0.00516 9e-05
Epoch:    100 | Train: 0.7179 0.0311 0.0059 | Test: 0.6913 0.0299 0.0057 | Error: 0.00469 0.0047 -2e-05
Epoch:    150 | Train: 0.5614 0.0241 0.0046 | Test: 0.5356 0.0229 0.0044 | Error: 0.00323 0.00304 0.00018
Epoch:    200 | Train: 0.4889 0.021 0.0039 | Test: 0.4641 0.0197 0.0038 | Error: 0.00332 0.00342 -0.0001
Epoch:    250 | Train: 0.4485 0.0191 0.0035 | Test: 0.4228 0.018 0.0033 | Error: 0.00404 0.00383 0.00021
Epoch:    300 | Train: 0.4297 0.0186 0.0033 | Test: 0.4043 0.0174 0.0031 | Error: 0.00513 0.0049 0.00023
Epoch:    350 | Train: 0.4008 0.017 0.003 | Test: 0.3786 0.0159 0.0028 | Error: 0.00291 0.00259 0.00032
Epoch:    400 | Train: 0.3918 0.0165 0.0029 | Test: 0.3715 0.0156 0.0028 | Error: 0.00365 0.0033 0.00035
Epoch:    450 | Train: 0.3777 0.0158 0.0028 | Test: 0.3567 0.0149 0.0026 | Error: 0.00222 0.00217 4e-05
Epoch:    500 | Train: 0.3664 0.0155 0.0027 | Test: 0.3474 0.0146 0.0025 | Error: 0.00211 0.00196 0.00015
Epoch:    550 | Train: 0.3626 0.0152 0.0026 | Test: 0.3448 0.0144 0.0025 | Error: 0.00255 0.00221 0.00034
Epoch:    600 | Train: 0.3563 0.015 0.0026 | Test: 0.338 0.0142 0.0024 | Error: 0.00281 0.0026 0.00021
Epoch:    650 | Train: 0.3503 0.0146 0.0025 | Test: 0.335 0.014 0.0024 | Error: 0.0019 0.00171 0.00019
Epoch:    700 | Train: 0.3439 0.0144 0.0024 | Test: 0.33 0.0137 0.0023 | Error: 0.00187 0.00169 0.00017
Epoch:    750 | Train: 0.3417 0.0142 0.0024 | Test: 0.3256 0.0135 0.0023 | Error: 0.00137 0.00143 -5e-05
Epoch:    800 | Train: 0.3389 0.0141 0.0024 | Test: 0.3247 0.0136 0.0023 | Error: 0.00227 0.00216 0.00011
Epoch:    850 | Train: 0.3388 0.0142 0.0024 | Test: 0.3235 0.0137 0.0023 | Error: 0.00325 0.00287 0.00038
Epoch:    900 | Train: 0.3299 0.0138 0.0023 | Test: 0.3179 0.0133 0.0022 | Error: 0.00178 0.00143 0.00035
Epoch:    950 | Train: 0.3269 0.0136 0.0022 | Test: 0.3126 0.0131 0.0022 | Error: 0.0014 0.00125 0.00016
Epoch:  1,000 | Train: 0.3268 0.0135 0.0022 | Test: 0.3141 0.013 0.0021 | Error: 0.00213 0.00206 7e-05

====================================================================================================
PERF FORMAT: DATASET | Acuracy: ACC | Loss: LOSS1 LOSS2 LOSS3 | PS: PS
====================================================================================================
Train | Acuracy:  91.19% | Loss: 0.32683 0.01353 0.00223 | PS: 0.00206 
Val   | Acuracy:  90.37% | Loss: 0.34091 0.0141 0.00227 | PS: 0.00182 
Test  | Acuracy:  91.28% | Loss: 0.31415 0.01303 0.00215 | PS: 0.00213 
----------------------------------------------------------------------------------------------------
Optimization error  : 0.00206
Population error    : 0.00213
Generalization error: 7e-05
